-0.0014276824969788912 0.035260105334554884
-0.0005254323893897571 0.030494552700856617
-0.0026810582258473335 0.03337483628947298
0.0018125632744573025 0.03999433025753692
-0.002399788560992606 0.03143829397695459
-0.0024374739639701506 0.038675284892191145
-0.0010332986298197291 0.03175458066423338
-0.002913241703574525 0.03498221862265112
0.00026957969209559377 0.034053651686440436
-0.0021943175556679083 0.0299299810141644
0.0029531836011353865 0.036971580855270594
-0.006978260736714963 0.03908164319612513
-0.0021352784597958494 0.03793056505771082
0.00020622769369071795 0.03470453298228589
-0.0009381737192192849 0.034584069806691445
-0.003508392864829937 0.03637667464086421
-0.0013773578143087754 0.03399633915339946
0.0009282600792618286 0.03598540484472186
-0.0014224255128252226 0.036110973425555096
-0.0005296997986109736 0.033392462611595966
-0.003522468595041362 0.03340857825482475
-0.00022626923203133064 0.03669719256097777
-0.0011196065445934589 0.035069149612858966
-0.0036733412534703173 0.03464047728525306
0.0007624671732974404 0.033515680113449256
-0.004409500877961459 0.036030956518614946
-0.00013049412175688375 0.035088153649939405
-0.0009733165580909551 0.036144424911976406
-0.0005903511097512244 0.03438831065295074
-0.0017656196143848268 0.03600813787569175
-0.001842330525500056 0.034641549578528566
-0.0009769150856769808 0.035545004826914986
-0.001781271819280741 0.03469346223352683
-0.00030727736239691055 0.0346831132305689
-0.0012440521736620538 0.037038467462713956
-0.0013532759055663013 0.03423052389424948
-0.0025464055370858388 0.03454685549135035
-0.003052604133560321 0.03582866405552028
-0.0019942807673636316 0.03382337170958412
-0.0006723515503841509 0.033214319152079466
-0.00436035225635068 0.034852319190273165
-0.0018698138215777825 0.03375104424389504
-0.0007223396839942313 0.03645593218027195
-0.004740380725482149 0.03227730473763209
-3.3845737422148314e-05 0.03752096982916937
-0.002021309876550577 0.03387721426201269
-0.0031358707500422083 0.033612597171625194
-0.0007164911206593741 0.03498626298901249
-0.002103101419234346 0.032813571245893194
-0.0019150646308955205 0.03522400145897571
-0.0014276824969788912 0.035260105334554884
-0.0005254323893897571 0.030494552700856617
-0.0026810582258473335 0.03337483628947298
0.0018125632744573025 0.03999433025753692
-0.002399788560992606 0.03143829397695459
-0.0024374739639701506 0.038675284892191145
-0.0010332986298197291 0.03175458066423338
-0.002913241703574525 0.03498221862265112
0.00026957969209559377 0.034053651686440436
-0.0021943175556679083 0.0299299810141644
0.0029531836011353865 0.036971580855270594
-0.006978260736714963 0.03908164319612513
-0.0021352784597958494 0.03793056505771082
0.00020622769369071795 0.03470453298228589
-0.0009381737192192849 0.034584069806691445
-0.003508392864829937 0.03637667464086421
-0.0013773578143087754 0.03399633915339946
0.0009282600792618286 0.03598540484472186
-0.0014224255128252226 0.036110973425555096
-0.0005296997986109736 0.033392462611595966
-0.003522468595041362 0.03340857825482475
-0.00022626923203133064 0.03669719256097777
-0.0011196065445934589 0.035069149612858966
-0.0036733412534703173 0.03464047728525306
0.0007624671732974404 0.033515680113449256
-0.004409500877961459 0.036030956518614946
-0.00013049412175688375 0.035088153649939405
-0.0009733165580909551 0.036144424911976406
-0.0005903511097512244 0.03438831065295074
-0.0017656196143848268 0.03600813787569175
-0.001842330525500056 0.034641549578528566
-0.0009769150856769808 0.035545004826914986
-0.001781271819280741 0.03469346223352683
-0.00030727736239691055 0.0346831132305689
-0.0012440521736620538 0.037038467462713956
-0.0013532759055663013 0.03423052389424948
-0.0025464055370858388 0.03454685549135035
-0.003052604133560321 0.03582866405552028
-0.0019942807673636316 0.03382337170958412
-0.0006723515503841509 0.033214319152079466
-0.00436035225635068 0.034852319190273165
-0.0018698138215777825 0.03375104424389504
-0.0007223396839942313 0.03645593218027195
-0.004740380725482149 0.03227730473763209
-3.3845737422148314e-05 0.03752096982916937
-0.002021309876550577 0.03387721426201269
-0.0031358707500422083 0.033612597171625194
-0.0007164911206593741 0.03498626298901249
-0.002103101419234346 0.032813571245893194
-0.0019150646308955205 0.03522400145897571
-0.0014276824969788912 0.035260105334554884
-0.0005254323893897571 0.030494552700856617
-0.0026810582258473335 0.03337483628947298
0.0018125632744573025 0.03999433025753692
-0.002399788560992606 0.03143829397695459
-0.0024374739639701506 0.038675284892191145
-0.0010332986298197291 0.03175458066423338
-0.002913241703574525 0.03498221862265112
0.00026957969209559377 0.034053651686440436
-0.0021943175556679083 0.0299299810141644
0.0029531836011353865 0.036971580855270594
-0.006978260736714963 0.03908164319612513
-0.0021352784597958494 0.03793056505771082
0.00020622769369071795 0.03470453298228589
-0.0009381737192192849 0.034584069806691445
-0.003508392864829937 0.03637667464086421
-0.0013773578143087754 0.03399633915339946
0.0009282600792618286 0.03598540484472186
-0.0014224255128252226 0.036110973425555096
-0.0005296997986109736 0.033392462611595966
-0.003522468595041362 0.03340857825482475
-0.00022626923203133064 0.03669719256097777
-0.0011196065445934589 0.035069149612858966
-0.0036733412534703173 0.03464047728525306
0.0007624671732974404 0.033515680113449256
-0.004409500877961459 0.036030956518614946
-0.00013049412175688375 0.035088153649939405
-0.0009733165580909551 0.036144424911976406
-0.0005903511097512244 0.03438831065295074
-0.0017656196143848268 0.03600813787569175
-0.001842330525500056 0.034641549578528566
-0.0009769150856769808 0.035545004826914986
-0.001781271819280741 0.03469346223352683
-0.00030727736239691055 0.0346831132305689
-0.0012440521736620538 0.037038467462713956
-0.0013532759055663013 0.03423052389424948
-0.0025464055370858388 0.03454685549135035
-0.003052604133560321 0.03582866405552028
-0.0019942807673636316 0.03382337170958412
-0.0006723515503841509 0.033214319152079466
-0.00436035225635068 0.034852319190273165
-0.0018698138215777825 0.03375104424389504
-0.0007223396839942313 0.03645593218027195
-0.004740380725482149 0.03227730473763209
-3.3845737422148314e-05 0.03752096982916937
-0.002021309876550577 0.03387721426201269
-0.0031358707500422083 0.033612597171625194
-0.0007164911206593741 0.03498626298901249
-0.002103101419234346 0.032813571245893194
-0.0019150646308955205 0.03522400145897571
-0.0014276824969788912 0.035260105334554884
-0.0005254323893897571 0.030494552700856617
-0.0026810582258473335 0.03337483628947298
0.0018125632744573025 0.03999433025753692
-0.002399788560992606 0.03143829397695459
-0.0024374739639701506 0.038675284892191145
-0.0010332986298197291 0.03175458066423338
-0.002913241703574525 0.03498221862265112
0.00026957969209559377 0.034053651686440436
-0.0021943175556679083 0.0299299810141644
0.0029531836011353865 0.036971580855270594
-0.006978260736714963 0.03908164319612513
-0.0021352784597958494 0.03793056505771082
0.00020622769369071795 0.03470453298228589
-0.0009381737192192849 0.034584069806691445
-0.003508392864829937 0.03637667464086421
-0.0013773578143087754 0.03399633915339946
0.0009282600792618286 0.03598540484472186
-0.0014224255128252226 0.036110973425555096
-0.0005296997986109736 0.033392462611595966
-0.003522468595041362 0.03340857825482475
-0.00022626923203133064 0.03669719256097777
-0.0011196065445934589 0.035069149612858966
-0.0036733412534703173 0.03464047728525306
0.0007624671732974404 0.033515680113449256
-0.004409500877961459 0.036030956518614946
-0.00013049412175688375 0.035088153649939405
-0.0009733165580909551 0.036144424911976406
-0.0005903511097512244 0.03438831065295074
-0.0017656196143848268 0.03600813787569175
-0.001842330525500056 0.034641549578528566
-0.0009769150856769808 0.035545004826914986
-0.001781271819280741 0.03469346223352683
-0.00030727736239691055 0.0346831132305689
-0.0012440521736620538 0.037038467462713956
-0.0013532759055663013 0.03423052389424948
-0.0025464055370858388 0.03454685549135035
-0.003052604133560321 0.03582866405552028
-0.0019942807673636316 0.03382337170958412
-0.0006723515503841509 0.033214319152079466
-0.00436035225635068 0.034852319190273165
-0.0018698138215777825 0.03375104424389504
-0.0007223396839942313 0.03645593218027195
-0.004740380725482149 0.03227730473763209
-3.3845737422148314e-05 0.03752096982916937
-0.002021309876550577 0.03387721426201269
-0.0031358707500422083 0.033612597171625194
-0.0007164911206593741 0.03498626298901249
-0.002103101419234346 0.032813571245893194
-0.0019150646308955205 0.03522400145897571
-0.0014276824969788912 0.035260105334554884
-0.0005254323893897571 0.030494552700856617
-0.0026810582258473335 0.03337483628947298
0.0018125632744573025 0.03999433025753692
-0.002399788560992606 0.03143829397695459
-0.0024374739639701506 0.038675284892191145
-0.0010332986298197291 0.03175458066423338
-0.002913241703574525 0.03498221862265112
0.00026957969209559377 0.034053651686440436
-0.0021943175556679083 0.0299299810141644
0.0029531836011353865 0.036971580855270594
-0.006978260736714963 0.03908164319612513
-0.0021352784597958494 0.03793056505771082
0.00020622769369071795 0.03470453298228589
-0.0009381737192192849 0.034584069806691445
-0.003508392864829937 0.03637667464086421
-0.0013773578143087754 0.03399633915339946
0.0009282600792618286 0.03598540484472186
-0.0014224255128252226 0.036110973425555096
-0.0005296997986109736 0.033392462611595966
-0.003522468595041362 0.03340857825482475
-0.00022626923203133064 0.03669719256097777
-0.0011196065445934589 0.035069149612858966
-0.0036733412534703173 0.03464047728525306
0.0007624671732974404 0.033515680113449256
-0.004409500877961459 0.036030956518614946
-0.00013049412175688375 0.035088153649939405
-0.0009733165580909551 0.036144424911976406
-0.0005903511097512244 0.03438831065295074
-0.0017656196143848268 0.03600813787569175
-0.001842330525500056 0.034641549578528566
-0.0009769150856769808 0.035545004826914986
-0.001781271819280741 0.03469346223352683
-0.00030727736239691055 0.0346831132305689
-0.0012440521736620538 0.037038467462713956
-0.0013532759055663013 0.03423052389424948
-0.0025464055370858388 0.03454685549135035
-0.003052604133560321 0.03582866405552028
-0.0019942807673636316 0.03382337170958412
-0.0006723515503841509 0.033214319152079466
-0.00436035225635068 0.034852319190273165
-0.0018698138215777825 0.03375104424389504
-0.0007223396839942313 0.03645593218027195
-0.004740380725482149 0.03227730473763209
-3.3845737422148314e-05 0.03752096982916937
-0.002021309876550577 0.03387721426201269
-0.0031358707500422083 0.033612597171625194
-0.0007164911206593741 0.03498626298901249
-0.002103101419234346 0.032813571245893194
-0.0019150646308955205 0.03522400145897571
-0.0014276824969788912 0.035260105334554884
-0.0005254323893897571 0.030494552700856617
-0.0026810582258473335 0.03337483628947298
0.0018125632744573025 0.03999433025753692
-0.002399788560992606 0.03143829397695459
-0.0024374739639701506 0.038675284892191145
-0.0010332986298197291 0.03175458066423338
-0.002913241703574525 0.03498221862265112
0.00026957969209559377 0.034053651686440436
-0.0021943175556679083 0.0299299810141644
0.0029531836011353865 0.036971580855270594
-0.006978260736714963 0.03908164319612513
-0.0021352784597958494 0.03793056505771082
0.00020622769369071795 0.03470453298228589
-0.0009381737192192849 0.034584069806691445
-0.003508392864829937 0.03637667464086421
-0.0013773578143087754 0.03399633915339946
0.0009282600792618286 0.03598540484472186
-0.0014224255128252226 0.036110973425555096
-0.0005296997986109736 0.033392462611595966
-0.003522468595041362 0.03340857825482475
-0.00022626923203133064 0.03669719256097777
-0.0011196065445934589 0.035069149612858966
-0.0036733412534703173 0.03464047728525306
0.0007624671732974404 0.033515680113449256
-0.004409500877961459 0.036030956518614946
-0.00013049412175688375 0.035088153649939405
-0.0009733165580909551 0.036144424911976406
-0.0005903511097512244 0.03438831065295074
-0.0017656196143848268 0.03600813787569175
-0.001842330525500056 0.034641549578528566
-0.0009769150856769808 0.035545004826914986
-0.001781271819280741 0.03469346223352683
-0.00030727736239691055 0.0346831132305689
-0.0012440521736620538 0.037038467462713956
-0.0013532759055663013 0.03423052389424948
-0.0025464055370858388 0.03454685549135035
-0.003052604133560321 0.03582866405552028
-0.0019942807673636316 0.03382337170958412
-0.0006723515503841509 0.033214319152079466
-0.00436035225635068 0.034852319190273165
-0.0018698138215777825 0.03375104424389504
-0.0007223396839942313 0.03645593218027195
-0.004740380725482149 0.03227730473763209
-3.3845737422148314e-05 0.03752096982916937
-0.002021309876550577 0.03387721426201269
-0.0031358707500422083 0.033612597171625194
-0.0007164911206593741 0.03498626298901249
-0.002103101419234346 0.032813571245893194
-0.0019150646308955205 0.03522400145897571
-0.0014276824969788912 0.035260105334554884
-0.0005254323893897571 0.030494552700856617
-0.0026810582258473335 0.03337483628947298
0.0018125632744573025 0.03999433025753692
-0.002399788560992606 0.03143829397695459
-0.0024374739639701506 0.038675284892191145
-0.0010332986298197291 0.03175458066423338
-0.002913241703574525 0.03498221862265112
0.00026957969209559377 0.034053651686440436
-0.0021943175556679083 0.0299299810141644
0.0029531836011353865 0.036971580855270594
-0.006978260736714963 0.03908164319612513
-0.0021352784597958494 0.03793056505771082
0.00020622769369071795 0.03470453298228589
-0.0009381737192192849 0.034584069806691445
-0.003508392864829937 0.03637667464086421
-0.0013773578143087754 0.03399633915339946
0.0009282600792618286 0.03598540484472186
-0.0014224255128252226 0.036110973425555096
-0.0005296997986109736 0.033392462611595966
-0.003522468595041362 0.03340857825482475
-0.00022626923203133064 0.03669719256097777
-0.0011196065445934589 0.035069149612858966
-0.0036733412534703173 0.03464047728525306
0.0007624671732974404 0.033515680113449256
-0.004409500877961459 0.036030956518614946
-0.00013049412175688375 0.035088153649939405
-0.0009733165580909551 0.036144424911976406
-0.0005903511097512244 0.03438831065295074
-0.0017656196143848268 0.03600813787569175
-0.001842330525500056 0.034641549578528566
-0.0009769150856769808 0.035545004826914986
-0.001781271819280741 0.03469346223352683
-0.00030727736239691055 0.0346831132305689
-0.0012440521736620538 0.037038467462713956
-0.0013532759055663013 0.03423052389424948
-0.0025464055370858388 0.03454685549135035
-0.003052604133560321 0.03582866405552028
-0.0019942807673636316 0.03382337170958412
-0.0006723515503841509 0.033214319152079466
-0.00436035225635068 0.034852319190273165
-0.0018698138215777825 0.03375104424389504
-0.0007223396839942313 0.03645593218027195
-0.004740380725482149 0.03227730473763209
-3.3845737422148314e-05 0.03752096982916937
-0.002021309876550577 0.03387721426201269
-0.0031358707500422083 0.033612597171625194
-0.0007164911206593741 0.03498626298901249
-0.002103101419234346 0.032813571245893194
-0.0019150646308955205 0.03522400145897571
-0.0014276824969788912 0.035260105334554884
-0.0005254323893897571 0.030494552700856617
-0.0026810582258473335 0.03337483628947298
0.0018125632744573025 0.03999433025753692
-0.002399788560992606 0.03143829397695459
-0.0024374739639701506 0.038675284892191145
-0.0010332986298197291 0.03175458066423338
-0.002913241703574525 0.03498221862265112
0.00026957969209559377 0.034053651686440436
-0.0021943175556679083 0.0299299810141644
0.0029531836011353865 0.036971580855270594
-0.006978260736714963 0.03908164319612513
-0.0021352784597958494 0.03793056505771082
0.00020622769369071795 0.03470453298228589
-0.0009381737192192849 0.034584069806691445
-0.003508392864829937 0.03637667464086421
-0.0013773578143087754 0.03399633915339946
0.0009282600792618286 0.03598540484472186
-0.0014224255128252226 0.036110973425555096
-0.0005296997986109736 0.033392462611595966
-0.003522468595041362 0.03340857825482475
-0.00022626923203133064 0.03669719256097777
-0.0011196065445934589 0.035069149612858966
-0.0036733412534703173 0.03464047728525306
0.0007624671732974404 0.033515680113449256
-0.004409500877961459 0.036030956518614946
-0.00013049412175688375 0.035088153649939405
-0.0009733165580909551 0.036144424911976406
-0.0005903511097512244 0.03438831065295074
-0.0017656196143848268 0.03600813787569175
-0.001842330525500056 0.034641549578528566
-0.0009769150856769808 0.035545004826914986
-0.001781271819280741 0.03469346223352683
-0.00030727736239691055 0.0346831132305689
-0.0012440521736620538 0.037038467462713956
-0.0013532759055663013 0.03423052389424948
-0.0025464055370858388 0.03454685549135035
-0.003052604133560321 0.03582866405552028
-0.0019942807673636316 0.03382337170958412
-0.0006723515503841509 0.033214319152079466
-0.00436035225635068 0.034852319190273165
-0.0018698138215777825 0.03375104424389504
-0.0007223396839942313 0.03645593218027195
-0.004740380725482149 0.03227730473763209
-3.3845737422148314e-05 0.03752096982916937
-0.002021309876550577 0.03387721426201269
-0.0031358707500422083 0.033612597171625194
-0.0007164911206593741 0.03498626298901249
-0.002103101419234346 0.032813571245893194
-0.0019150646308955205 0.03522400145897571
-0.0014276824969788912 0.035260105334554884
-0.0005254323893897571 0.030494552700856617
-0.0026810582258473335 0.03337483628947298
0.0018125632744573025 0.03999433025753692
-0.002399788560992606 0.03143829397695459
-0.0024374739639701506 0.038675284892191145
-0.0010332986298197291 0.03175458066423338
-0.002913241703574525 0.03498221862265112
0.00026957969209559377 0.034053651686440436
-0.0021943175556679083 0.0299299810141644
0.0029531836011353865 0.036971580855270594
-0.006978260736714963 0.03908164319612513
-0.0021352784597958494 0.03793056505771082
0.00020622769369071795 0.03470453298228589
-0.0009381737192192849 0.034584069806691445
-0.003508392864829937 0.03637667464086421
-0.0013773578143087754 0.03399633915339946
0.0009282600792618286 0.03598540484472186
-0.0014224255128252226 0.036110973425555096
-0.0005296997986109736 0.033392462611595966
-0.003522468595041362 0.03340857825482475
-0.00022626923203133064 0.03669719256097777
-0.0011196065445934589 0.035069149612858966
-0.0036733412534703173 0.03464047728525306
0.0007624671732974404 0.033515680113449256
-0.004409500877961459 0.036030956518614946
-0.00013049412175688375 0.035088153649939405
-0.0009733165580909551 0.036144424911976406
-0.002849235562622891 0.03560835435655481
-0.0009531202089318228 0.033229457731551906
-0.0008970422002416499 0.037330263567415936
-0.0004552484518301303 0.035181683224601426
-0.002973961129754409 0.03811703437334964
0.00018340371217075374 0.03228853433362651
-0.0015807044737165018 0.036390540158817555
0.00047255677991641385 0.033994355393459366
-0.005172893329805885 0.040837062435951046
-0.0010127888089069017 0.03091380466584899
-0.0009643794143262409 0.03787971135685338
-0.0034834564014615764 0.034997913789235516
-0.002469223684533797 0.033346589337726454
-0.0033347248198739494 0.06240742814260565
0.0043715014134742495 0.024189410110133827
0.0008326352862873796 0.021736712577712328
-0.002067689622769073 0.04016387702640363
0.0015509048930546104 0.0347376813212454
-0.0034798789000239252 0.03304779944020049
-0.0012491247335046462 0.03578697832285167
-0.002247218342760754 0.035919571249774365
-0.0014940522149922485 0.036339397487592476
-0.0018438449736130238 0.034491594861801825
-0.0019063401856920718 0.03563232139488855
-0.001588067134991117 0.035652417062397704
-0.0015860124648606022 0.03728359044101755
-0.002327394535206462 0.036792960263036315
-0.0023684541952272774 0.036715811312587346
-0.00013814438515165122 0.038742018782579726
-0.0029605158350063244 0.03439294067918737
0.0005693699638184371 0.03929516715599375
-0.0022169804603692634 0.03872722408169023
-0.0020226386227894726 0.03554480862211591
-0.0030871699158719324 0.03576994039313504
-0.0009737022326006379 0.03759539944899877
-0.0012709659526676776 0.03926341287043851
-0.0004916750196041326 0.03603172061599387
-0.0026571123738950426 0.0386558760736679
-0.0012751922748365035 0.037661664994919034
-0.002604854825750525 0.036763305632395674
-0.0012219751028076198 0.03911820801081119
-0.00103044710424246 0.037143489708288915
-0.0012949920295756436 0.03714244164302545
-0.00040166322680036106 0.036706461439489815
-0.003041977351147965 0.04013657156886104
-0.0024946066761214916 0.04026758945307858
-0.0028470278882624374 0.03280707964755654
-0.0006476570228461614 0.038295253675210986
-0.02205519950498799 0.0342529691694073
0.018289457071268663 0.046534847346180366
-0.001427566418269063 0.035870672561010467
-0.0020836246583537522 0.03866594265060726
-0.0008025597872302107 0.03719211831089471
-0.0023572560969321583 0.03745346644780474
-0.0018419602643224109 0.0350063386978476
-0.0023580586141351656 0.039535710018286
-0.002508821797908067 0.035535008592491216
-0.001455647656702887 0.038593826103991494
-0.0030836277194696 0.036224611275251964
-0.0025827247206482644 0.03951364951955934
-0.0010523597826197144 0.03542152561928753
-0.0017317393527952105 0.036390168939274006
-0.0005622453714593119 0.03931588351321609
-0.004753774789715377 0.036051414498404946
-0.0015302259750133297 0.03782196902685238
-0.00035094623541393746 0.03618228453209334
-0.0012306283371348067 0.03617279851120077
-0.0024310629792224175 0.03472908468421117
-0.004716485126166663 0.03722250697246672
0.0017064074086784457 0.035759117081741024
-0.003163811510016531 0.03604436829160447
-0.0019453965856857775 0.03657780118830441
-0.0011407312547487883 0.03559890622730495
-0.004343525558132435 0.0373717380248388
-0.00033254939257149887 0.035668683271803794
-0.0019745643499974766 0.03746618431897848
-0.0005821191123573858 0.036924126484366895
-0.0024436172889838177 0.03637625872309176
-0.0011643746638382853 0.03589526351906143
-0.0004992273475565071 0.03755011013498706
-0.0029422375870114784 0.034946114089964245
-0.0010439260713333179 0.038114504698364374
-0.004914517638054183 0.039234380061442045
-0.001638673429626376 0.03461754938787838
-0.0017783505377361778 0.03774332830935574
-0.0023125939882092327 0.035585661233366664
-0.001420130921888444 0.03312756713849159
-0.0017995214161067893 0.03782443663623143
-0.0008074492642170888 0.033206801119981935
-0.0014295795012268099 0.036907700350644126
0.00039086746710585577 0.03574376760968741
-0.0015289869133204496 0.03741819414863064
-0.0019132910710205823 0.0348572228932353
-0.002330899023120957 0.03509483312518853
-0.00023556233798369608 0.03677955163771292
-0.001611007708724571 0.03908765260087606
-0.00039775617857948494 0.029911763942962202
0.0013863524358780307 0.03744583838719713
-0.003648855672597454 0.03618262302991866
-0.0017483967608160895 0.030765000154935954
-0.002605885291637336 0.03604893544859951
-0.001999822983929292 0.03433210307974406
-0.002434165042383817 0.034674586723014225
-0.0012242470780585292 0.038600804277580905
-0.004109949055400521 0.03281854279291836
4.9079473603534044e-05 0.034664878378584965
-0.0009654211546016862 0.0348735958151309
-0.0017897316173606788 0.037181650302904504
-0.0013444872597306464 0.03583063702657481
8.7997370835815e-05 0.03559205455249899
-0.002823965424254372 0.03465834454297263
-0.0010598444048242578 0.03767463548611612
-0.0019002711998764642 0.03444164303987947
-0.001384758142068124 0.038169688540573524
-0.0019069814071402537 0.036310905926530926
-0.0008635827488070523 0.0358747169532105
-0.0020327528312292366 0.035959981225412954
-0.001175831581817641 0.03709764125848776
-0.0017020330688593053 0.035650327529479456
-0.00104436297462916 0.036680259105575444
-0.0016398897371027242 0.03600897947754485
-0.001074833163797587 0.03692734282463457
-0.001712786226523585 0.033254641466882576
-0.0015393628169112854 0.036882912330458775
-0.0017764134050411852 0.036577296949627594
-0.0009742026293818417 0.036505901948329325
-0.0011910765139343227 0.03607702302124878
-0.0013646959478311404 0.036141901070290985
-0.0010498659379092937 0.03541675871088219
-0.0016153175169995346 0.0357295709559113
-6.917611283777016e-06 0.03704497919307799
-0.002768444288640103 0.03514648352591783
-0.0007179592889006085 0.03536421045285083
-0.0010736409547623458 0.03454117719902579
-0.0009942101383975106 0.03384245436787188
-0.0011364011202176709 0.039034077220324995
-0.002282169186119051 0.03257626549104305
-0.0018102501598380237 0.036058226421428155
0.00015892470664088986 0.03566375575548282
-0.002721648272461803 0.03564686854640238
-0.001658814964442166 0.03431511759860624
-0.0013548752376787774 0.03754875211867499
-0.0017276050829384683 0.033808594861722566
-0.0012609337502921254 0.03550761123893005
-0.0002420367224940062 0.03468828388215402
-0.00226735424486996 0.03682965625666586
-0.0007759370707056674 0.03746353819592514
-0.002061886369772423 0.0351818839465234
-0.0015446767698325636 0.03666363957259762
-0.0014313841514397812 0.033883628150822534
-0.0019511941660627515 0.0381825328423175
-0.002733134523541404 0.0325604272834978
-0.0021475972518871264 0.03462402214965406
-0.0001637635956952435 0.03556470589829104
-0.0024653357533195755 0.03507205213056981
-0.002342221757402788 0.035902682762792584
-0.002007415883190307 0.033635252818005903
-0.0014692701991307375 0.03527479789871553
-0.001441685741689395 0.034923534675637316
-0.002117989301443884 0.03517266464648845
-0.0009282010378037406 0.03444690388161793
-0.0009890414926859797 0.03545137180179077
-0.001397587666155067 0.03376765407481126
-0.001156466945334288 0.03775419132614517
-0.00026291565949445933 0.03411893013262053
-0.0014386694122752344 0.03577590790579373
-0.0017080850343543156 0.034844312683361925
-0.0016843773672553498 0.036478356262247005
-0.0020779784378085055 0.03446640491472204
-0.00242774913602297 0.036622319503588366
-0.0018762805184190687 0.03548476704487742
-0.0018706839250116655 0.035918946868870275
-0.00426712735912578 0.034607343349912736
-1.637766793977048e-05 0.03581293156009764
-0.002332894953267699 0.04172752470720349
-0.0009483653962256782 0.0312030724359333
-0.0022690688643349044 0.038587987741604615
0.0005747575020787544 0.030059300230101907
-0.0028501941744609786 0.03832187025087004
-0.00518017622737918 0.040107993411621926
-0.0028304081672899484 0.03226521230671793
-0.0015764697381168992 0.03752331726990961
-0.00040020847693659307 0.03812158341445478
-0.00010961608334428405 0.03261580320213904
-0.0025478602781874786 0.03936782784103783
0.00018440184577218086 0.034953914787994436
-0.001874277407369822 0.03565880664537886
-0.0006629426398981823 0.03491617143602817
-0.004600980051230321 0.03962969668792789
0.0010149590075544967 0.035420679923911805
-0.0020238121960562436 0.038540213203458865
-0.0006749114891904085 0.03159681981525138
-0.0019530975366154903 0.04160810962409563
0.0007922705443483146 0.033187406028856795
-0.0002967994888260525 0.03331791670269087
-0.0036516927793542645 0.03835021381790567
-0.0017926317195882664 0.036263007953592566
-0.0010874061233801676 0.03657542351237027
-0.0022090261645862186 0.03703736452181157
-0.0014418046562378619 0.03689380143831485
-0.00041699620713413687 0.03514021415775877
-0.0022343659519071693 0.03642464706032396
-0.0027033442474884875 0.036212993017616005
-0.0009130118063493202 0.03526102671365035
-0.0021558138680156046 0.036478737882337645
-0.0023461200604573767 0.03724575360650824
-0.0015124995929086493 0.0363925371406328
-0.0005704111385601888 0.037608513356150966
0.00023986477069295716 0.03527493010844425
-0.0009407417982775341 0.03697408964133038
-0.0017545028850805187 0.03557845969120761
-0.001332027040585246 0.036260599731026535
-0.0019581385679350335 0.03612326040685861
-6.575754249403803e-06 0.03676169767042699
-0.0017518254917152066 0.03625811796078522
-0.001974742183556402 0.03591578486387377
-0.0022038114332843107 0.036678053941848934
-0.0031479495230674628 0.03589924910382809
-0.001209190689669582 0.03610726092736734
-0.0020707022526177915 0.037207711634049415
-0.0019193690300275674 0.0344288438382427
-0.0016492997484906058 0.03720229754613165
-0.0006903143589820234 0.03451727027103009
-0.0031588969528544074 0.03616590001787219
-0.001228624443995629 0.036161922184470854
-0.001627315363589676 0.034958399066521165
-0.0013583272437560595 0.036992551001907306
-0.001203286376104964 0.03331423379212102
-0.0019140999217025253 0.03708939809972929
-0.0013663640084921563 0.03437716994771019
-0.0025304266502872218 0.03655377294256042
-0.0005829503856473995 0.0349109529829867
-4.109702209578519e-05 0.03720855596984514
0.0008486659244286141 0.03500819374693705
-0.0009589237647153865 0.03623340158781803
-0.005152334698451635 0.035089340458550125
-0.002377849819939381 0.035938143085749455
-0.0033931831368309916 0.03519603053904148
0.0009183354937114811 0.039105548582927876
0.001313386560489346 0.03167348322308823
0.0008650783331214476 0.03775360164189197
-0.0019773927258049068 0.03431965636846708
-0.0010052598258889363 0.03642639978279823
-0.0023382422055887547 0.03425765324185144
-0.0032442581621327095 0.03748841423017431
-0.000731114575537263 0.0337251724847953
-0.0007502831484869732 0.0358212780619553
-0.000935602021667595 0.034833308458518356
0.0003082212403087048 0.03626799315758862
-0.0010931334365986817 0.03489838969537114
-0.0008981918474603007 0.035233690049854174
-0.0007749664783527894 0.03603384487481005
-0.0004186950605663867 0.03445750393641607
-0.0014539412837702502 0.03542046008063045
-0.0004621090364412355 0.03623842156225483
0.0003992972534996209 0.03571658503311577
-0.0007111761731491985 0.03404621631653844
-0.0003378641273330831 0.037354325779231215
-0.0007221703067235795 0.034968760627040754
-0.0019393136082259082 0.03635193973614821
-0.002211121178115376 0.0356799974639654
-0.0016206039238942263 0.034712513821709215
-0.0012832291383559932 0.03677015581817007
-0.001648444475374641 0.03415659131626843
-0.0011484540324631725 0.03774838990595937
0.0018446938239388652 0.03564412093790477
-0.0007403430597374568 0.03603741422693103
-0.004767646020106153 0.03457067502830054
-0.0028356069249252827 0.0385800124904236
-0.0027252362072413892 0.03576890480313173
-0.0031314093971379774 0.038703631619550774
0.00032694977519663474 0.03717794092674072
0.00106756544374396 0.036882986671561827
0.0003229154066015584 0.03677736702442021
0.0007327605785214749 0.03683083081510326
-0.0010063703385886614 0.037823446849019685
8.264825210858731e-05 0.035529910161744296
-0.001570391925257659 0.036505763089945645
-0.0006912853301600914 0.03408300704560392
-0.00036128527366876715 0.03950049304664423
-0.0018146783220767434 0.03662759478418649
-0.002088985141715295 0.036136415158392235
-0.0007275940393102177 0.037401852609645084
-4.3389001755513284e-05 0.036630574538559516
-1.2325466386989888e-05 0.037275148072925826
-0.0008507397698247084 0.036257128259403706
-0.0013654180677369512 0.03752052522990619
-0.0017795481055415566 0.03669138115906807
-0.001699851154354753 0.03730399245470713
-0.0031397860514962464 0.03369739148627833
-0.001671427489261764 0.0376779797909081
-0.0006654564088943138 0.03941474792991824
0.00030778087618754885 0.03449584144522096
-0.00038169078135488884 0.036953837579413354
-0.000581277352123682 0.03771573489978271
-0.0005392497943455927 0.035071570508740726
-0.002907113925823174 0.03663565915323304
-0.00020374066121439964 0.03763293845179856
-0.0013153505485357024 0.03569004020847295
-0.0006618771398739383 0.03672637393601748
-0.0016025045043889792 0.03671153753444485
-0.0004971407174536985 0.0368442980785801
-0.0014753884781746238 0.03555020348968614
-0.0018618211532975787 0.03634672310688121
-0.0013270229067306283 0.03642737081867882
-0.0024890500414485417 0.038039331208667274
-0.0006914658473961238 0.036226443962777924
-0.0003494013644228032 0.03665283139960947
0.00024420468954895616 0.036719857076420184
-0.0012112047349999897 0.03729999048431516
-0.0011903887169948542 0.036103830875448176
-0.00019763253490816908 0.03740354407604092
-0.0009742711205675959 0.03620490880467493
-0.0012087188599697418 0.03674599834085286
-0.0006185529400252253 0.037267095659479346
-0.0011985956832102364 0.036301570139131115
-0.0011404795227639825 0.03709917010823412
-0.0015278984206313902 0.03711796316931122
-0.0005639108106412767 0.03692426807496592
-0.001797721193656249 0.036659025191519715
-0.0011515289185593833 0.03723574002870707
-0.0003632133469563029 0.035861919270007106
-0.0021463312643167465 0.03702777955794696
-0.0015997603244609112 0.03720654887796533
-0.0006415671837230893 0.03685163528540421
-0.0004714805996083155 0.03637349292904886
-0.0008255223167285513 0.03666645796367947
-0.001372608043754242 0.03650997998824064
-0.0003805471513299969 0.03665323434217323
-0.0014980809554351808 0.03652815905549041
-0.002339177718880411 0.036942332837580596
-0.00023008827294499412 0.039215891322190236
-0.0014265396624973839 0.038501358169523894
-0.0009133552093117544 0.03843505155793232
-0.00036872599303412875 0.04017514782993632
-0.001559064684110678 0.040367365085611076
-0.0014009952584867666 0.03953558171451017
-0.0015544784162738394 0.04105905873624845
0.00021979352272432718 0.03859344984055131
-0.002490331601946114 0.04053203325101658
-0.0011642110255628397 0.0390745669640213
-0.0015676606540538265 0.03969047880504935
-0.0013866381847034925 0.03963021573664878
-0.0013801808087698024 0.03810971519649682
-0.0009719464445403915 0.03927534615914903
-0.001416123745117266 0.038647009344177266
-0.0004583621802798691 0.03832844470598147
-0.0008903235665006222 0.03746266706421948
-0.0014656100689059664 0.0376711993253855
-0.0010182018748871534 0.03606265855362674
-0.0004595648671270841 0.037303743472734754
-0.00222387224789098 0.03673546499636156
-0.0005264645294991185 0.036904651710518446
-0.0001632089626450741 0.03705191491387923
-0.0013449723824417634 0.03552256206608258
-0.0005493690402797332 0.037590918231882056
-0.0006840466025294502 0.036181331654209406
-0.001495421497699503 0.036949813487091324
-0.0008718347675871602 0.03611615572198397
-0.0017225065531800486 0.036184763312537574
-0.0007353226928331585 0.034605765756466636
-0.0009058278052197825 0.03543580021946231
-0.0011680792333791132 0.036356721320003074
-0.0019191298578243045 0.035556287001993606
-0.0014520034475567311 0.0347330055004675
-0.001699910697428067 0.035159974745333014
-0.000739849736156211 0.035346398902079204
0.0012947530238203915 0.030341500768379562
0.0008764339740162321 0.032647842161744614
-0.00602195820539634 0.0419347845019757
-0.0007590782308293047 0.03669711431568708
-0.0013754892971427324 0.03492349611541874
-0.0012206144218798085 0.035929411091278854
-0.001461177669226626 0.03422708392484815
-0.0006953563108127877 0.03529743568512851
-0.0014434164615569653 0.03502638372512941
-0.000735264733128869 0.03463717232305581
-0.0029989691005434453 0.03775014836252906
0.0011450509024891289 0.032850486521077873
-0.0005778747851533715 0.03659397196423893
-0.0036827723995882552 0.038062016815886016
-0.002894221438368309 0.03652444987009891
-0.003652458546026948 0.03235537030571152
-0.0025697372637304198 0.03578246846693407
0.005432303773988852 0.03444820329049243
-0.001739966429531057 0.037376317665971784
-0.004519817746778402 0.03611205750562725
0.0007907359682543199 0.03606557965545472
-0.0031092488776295747 0.03673937669283918
-0.0008231934105126528 0.03530842977136213
-0.003020121685547912 0.037260784332988364
-0.003802027775456494 0.03734636744102522
-0.0020579993906107946 0.03509433190148577
-0.0009072033287406494 0.034699342682272774
-0.0024595196813036626 0.037446322789110156
-0.0031860297651380366 0.03578696003644306
0.004117415175828608 0.036611153093813756
-0.0014963905876927796 0.03777514224379992
-0.002719259590515499 0.03631062667156999
-0.0017763160637660684 0.03468010469910583
-0.0010836168934100928 0.03888107399347125
-0.0003112021417328039 0.03251740410181099
-0.0020099690638424 0.03657482003942643
-0.0008326903085251552 0.03630743640870722
-0.001891365608306763 0.036574807744383
-0.0008563896632142859 0.03658077373378639
-0.001432994689451707 0.03448958824057198
-0.0024114595457289524 0.03589521517737233
-0.003080620449025334 0.036523878988790684
-0.0007171656045433842 0.03617370801543181
-0.0026789152864193657 0.0357379004690976
-0.0011165986835688989 0.035841724244621356
-0.0017300128843432505 0.035084253467820584
-0.0013616132939764185 0.03761651898898673
-0.0007231809548084007 0.035267914395515645
-0.0027113455603643105 0.034760568328005406
-0.0008934435135704156 0.03583919090069494
-0.0036927805618003503 0.03498721299635195
-0.0034659819404203825 0.03483918876364518
-0.0015427923350240145 0.035980818106584114
-0.00216407113017541 0.03546040608525698
-0.001695890247217538 0.03401827927523966
-0.003184841770694708 0.0357857371179144
-0.0005054614763369595 0.03541351005886391
-0.00157938453235773 0.03504474482369298
-0.0007638210769945453 0.035021800039888265
-0.0013869536119563374 0.03434658134228381
-0.0010047190305025595 0.036182849758687755
-0.0017585821682306042 0.03528215144428466
-0.002018969533329093 0.03559877873244251
-0.0030143928879251725 0.03494687929642422
-0.00212773966005845 0.03580373449901782
-0.0027563896742558345 0.03465324505768903
-0.0012702282832747365 0.035985200881413396
-0.0019516749418161633 0.034872388994066264
-0.0021261066973684447 0.035003205952634356
-0.0012839623823411041 0.03519174035778212
-0.0018152045342281846 0.035548181705853346
-0.0020361829099026225 0.03520920867416284
-0.001925480036813094 0.03594214444413853
-0.0025519239341582566 0.03497654417325276
-0.0025132147608234435 0.03560354466783196
-0.0020070085434405675 0.03530294670781427
-0.0006827610802170952 0.03466082335217831
-0.00126811047924529 0.03581862723234726
-0.0016406281173835416 0.035360022310155295
-0.0012662651373119035 0.03500393686092425
-0.0023327940682322658 0.035610282121047956
-0.0031784874421866964 0.03546724281655962
-0.001947546647741365 0.03547114927724167
-0.0029054601654413454 0.03615051635266538
-0.0028207881032868173 0.03497287807200174
-0.0015706300884108198 0.036132938589938005
-0.0024301645733226826 0.03637061228457257
-0.002527244606268441 0.03538954334223528
-0.0011299152304135268 0.03592768893137151
-0.001741339454351625 0.03606176865609685
-0.0016240676809671744 0.03590217387561663
-0.0006729934681223028 0.03562344787717438
-0.0015718369611427449 0.03603567819558369
-0.0017088004051138308 0.036758206167875465
-0.0016542459322561212 0.03494953349950665
-0.0013954740199795842 0.03636365363687118
-0.0008776186284938105 0.03584656293168505
-0.0003628480165494912 0.03550189252734333
-8.173816721502398e-05 0.035739677666112704
0.00030587089485502534 0.03670128109169975
-0.001156821857454238 0.03536281817398908
-0.0011733560618553888 0.035295625876894124
-0.0019021636502815679 0.03573457705240064
-0.0032705589908734096 0.036491997677324764
-0.003007880327171845 0.03455478666614749
-0.0015123915815304866 0.036137363044595985
-0.0015381422079525828 0.03694652343414813
-0.0025548840236882977 0.035873385307845854
-0.0027783478614351767 0.03512662312444888
-0.0012848675876477689 0.034083507997635556
-0.0015921556961607359 0.03667247083582255
-0.001475829056475929 0.03494495083938083
-0.0023196461437397747 0.03590119693770384
-0.0021508437868553265 0.036525057786416196
-0.002354166467698211 0.036266007700533856
-0.0018555042065846838 0.03479045897024875
-0.0015839021418524823 0.036101579184512025
-0.0021405159908781976 0.034546382598498585
-0.0029164747080784614 0.03687430791266717
-0.0011891587802668655 0.03431840543034022
-0.0021006345893526553 0.03583751988561108
-0.0029751716863439114 0.035810304113682315
-0.0023100566993374118 0.03524373617726724
-0.0017822096168213677 0.03564341920479959
-0.0021359196871579655 0.03508206932645681
-0.0018220507906390074 0.03611396917704708
-0.0025444926639532 0.03677382784202994
-0.0026735119407953665 0.0344403289393997
-0.0014107985809414417 0.035474215235344844
-0.002702764057045701 0.03573823601957456
-0.004111189033036583 0.03609055615356867
-0.0021097776646213317 0.03639571196690024
-0.0006475043292886863 0.03364404876166423
-0.0016591261500729418 0.03586244291125103
-0.0027901896879657865 0.035734052134026986
-0.0011600669387357289 0.03556538168835628
-0.003712752487963712 0.036117809390013814
-0.0012821539882089824 0.03524373039261049
-0.00211389675615509 0.0356661448355617
-0.0007676396550250083 0.035730121459174716
-0.0038278897681251396 0.035637239344806296
0.0007307055839874559 0.03571595951345792
-0.0016933208888015925 0.03583578281490403
-0.0013653606018890793 0.03479138023042268
-0.0024300035141783228 0.03579345400314589
-0.0025385960847227203 0.035776561619889694
-0.0013825511266651737 0.03604341113661032
-0.0014728631679030292 0.03593390320069863
0.0002883259059692522 0.0355806825794462
-0.001963163771429436 0.03500930924611252
-0.0023660491512108926 0.03614679477734524
-0.0013898410073650467 0.0365028901438655
-0.0023497326007919507 0.035077470253022505
-0.0020972566225518105 0.03587988571094676
-0.002565776913347476 0.03532805130990986
-0.0018017750307843072 0.03353467324447386
-0.0012831816694927711 0.03498162879110796
-0.0005344971092298297 0.035056626485423695
-0.0014871591557431767 0.033166930325916735
-0.0013498825143218626 0.034436948295285055
-0.001418586049955995 0.03394521486432285
-0.001650707171529937 0.03321674878874821
-0.0009934848512878152 0.031732518232512955
-0.0015811413203519558 0.031053726597119094
-0.0020749965609286616 0.03198508538976959
0.0002286708429987184 0.029332177886168778
-0.0010531303881227343 0.030121616679590527
-0.0016923177893960416 0.030583871997277037
-0.0011178568803348553 0.029063884396655706
-0.001155121615407121 0.02935653684086366
-0.0019270782915278488 0.02861398132376998
-0.00042288242213327004 0.029674353709185877
-0.0020823484104290596 0.028486606630239344
-0.001859392665894998 0.028036402005055597
-0.00011298646344155101 0.027552211881161484
-0.0016711816744712535 0.02740345910474913
-0.002428046602695313 0.026876637238477843
-0.0012935810227059133 0.026867561637560614
-0.0002618316358638582 0.024030644724354525
-0.002889548026961362 0.0257322927209009
-0.0027018198423618667 0.024997888408915217
-0.0003853785544929273 0.02556334940680101
-0.00033525089040894974 0.026367611147554995
-0.004298177464380885 0.025890554768518384
-0.0015714289782735014 0.018786826198475118
-0.0031854483294615674 0.02864769394757212
-0.002101707949278053 0.020642187747232435
-0.004066322986046434 0.026295570224325007
-0.0021057120259134975 0.021370182726865042
-0.0026237994460433195 0.025246002651823266
-0.0016554164564578084 0.02268206419084247
-0.0026939950994709825 0.023510866215617113
-0.0011951076028998068 0.02330473290830022
-0.00034332034830441205 0.020350537697439733
-0.0012244731604656753 0.023042772535773096
-0.0017877589638530425 0.0227698349880376
-0.001708177756266254 0.024246390801613907
-0.0016430254330565774 0.022393285554995493
-0.0032037133558158837 0.023600968433006256
-0.0033494928547820493 0.017771114505876276
-0.0017479182534068031 0.027518579273509494
-0.0016341147494292152 0.01832238248723468
-0.0014527432611618585 0.02216588372537749
-0.0010429132950159604 0.020306539180229913
-0.001405939521280645 0.02240190661869086
-0.002170088389405149 0.023083220339490798
-0.0007839647329369866 0.019940503510805965
-0.0021041770056229848 0.02357937436653508
-0.0013952222637007203 0.01865623641896104
-0.0022048687793421377 0.021568410255067463
-0.0017754736042886999 0.02063126137014222
-0.0007449989656499608 0.023578069312255992
-0.001521276460929723 0.02117832251679759
-0.003395853663979127 0.019385459975988353
-0.0036877370063987214 0.019815040912413776
-0.0006278841565916841 0.022169084728726543
-0.003525920529695615 0.018338469390097603
-0.0009460606439011007 0.0197875727525358
-0.0012132669035941116 0.018884346064213145
-0.002463439967834324 0.01757905986310844
-0.001746623220583316 0.01942279882829774
1.8786919184225932e-06 0.017206059561342538
-0.0024028998093803765 0.018104419314296474
-0.0006917611176906649 0.01805655296188187
-0.0015864271191780035 0.017670313355353254
-0.002798435171643031 0.018058050027447828
-0.0019667818261285184 0.01871009568635436
-0.0024225051191427665 0.019473940127528303
-0.0017185592133374997 0.01817103707199004
-0.0008701561055096201 0.018984805215219017
-0.001466590335321954 0.020435107893944163
-0.0017231320990759662 0.02183133684344281
-0.0034246997705832684 0.014605753416345915
-0.0017908622559872768 0.02010100042814851
-0.003784830079633483 0.01971507982943517
-0.0036759109867568487 0.017924085303514484
-0.004736435363917079 0.018413451625985025
-0.005492898040266344 0.019136965975315737
-0.004300118107254829 0.02127757944144011
-0.0049844116268342 0.01781826095778634
-0.0051762633135211435 0.0188841452604966
-0.005231542257623926 0.018247008283846358
-0.007799859678693408 0.018062073624933242
-0.004857561218843641 0.02336035350714223
-0.0012982329611650341 0.020697385914262026
-0.004832797496433025 0.014395327530005678
-0.0035407947284040874 0.017485939619785687
-0.0035308796982840766 0.019198621266352148
-0.0014650094389343604 0.02012362809074393
-0.0019784949118088857 0.015139360510055114
-0.0032601486981936752 0.017115832742823092
-0.001919610160214588 0.016007289575764985
-0.004191179525908632 0.013705323814702866
-0.001384860602726809 0.01695694554512435
-0.002276864611624001 0.018512395844707277
-0.0030239638812247283 0.009096696309273969
-0.0018914565942703058 0.008613203556230034
-0.003933362032618428 0.011740048528250571
-0.0013086376716915141 0.014036627124485127
-0.00413631723352844 0.013082907607254016
0.0004771458896646219 0.012422536202056425
-0.0034929712019876164 0.011517123191812043
-0.0008227554119211423 0.013551004022807248
-0.0025891836437479036 0.01267179301766537
-0.0015321952307959619 0.011707836180462741
-0.0023341182837865594 0.010039893630740385
-0.0025460727526947255 0.011144702814000776
-0.0018623273803503536 0.011081365650127142
-0.0017282911187736917 0.011124905591365766
-0.0024450779832992163 0.009514680799603117
-0.0018173532393001876 0.008700571270161953
-0.004113397758130124 0.013435245152426625
-0.0004195953437131912 0.012372057907904035
-0.0028584708065602297 0.010336152472752505
0.0011707671534893446 0.009969402807129504
-0.0034876888273918474 0.009722938030696196
-0.002627562423202129 0.008694767758156544
-0.0006036701290277279 0.010188315074892887
-0.0014354766617993473 0.010608459447750199
-0.002029941572942303 0.011081519517145158
-0.001835940535947884 0.013515734944927929
-0.0018389464273120093 0.011639184785781034
-0.002453899327897704 0.01085849311534233
-0.0015915131181084385 0.015742139433609872
-0.0004842976964066835 0.0143781275596115
0.0009954620860496443 0.015597540764082221
-0.006018629907916472 0.018128568428741956
-0.0007444126902809464 0.018603005110224127
-0.0019968643024179766 0.01966698458127443
-6.999256539979562e-05 0.021907304020720678
-0.0016539664702481956 0.02628778558115359
-0.002268830730203126 0.025963900022648326
-0.0019921785296075577 0.025818392757861422
-0.0014866931693348277 0.027187715766328016
-2.9275331426872105e-05 0.031569379659208655
-0.0007142062500250716 0.028277511507575917
-0.0006899440106674956 0.02943036251967497
-5.317571685140151e-05 0.03032820194411774
-0.00222443256711512 0.03252538260932143
-0.00118687151174502 0.031834218697311026
-0.0027989333309104375 0.0355516269834852
-0.002449549060269078 0.03323971357453366
-0.002166143245324457 0.0367819509962712
-0.0018808961381545498 0.034413479832245256
-0.0027076364360766945 0.03301587672314894
-0.002863239472627017 0.03884806810844506
-0.002316645536235721 0.03560640287552781
-0.0026499824444184343 0.037696720006841614
-0.002922604230221244 0.035192168549139605
-0.0036385900760726804 0.036061651671333864
-0.0011433562801248759 0.03256102494827613
-0.002299202470177584 0.0350717332587986
-0.0022839708947988975 0.03663537534876511
-0.003285672983844057 0.03444785715806571
0.0087873940256087 0.023683596131737608
-0.0009761276404674532 0.03160459208225448
-0.008528739172670205 0.03753669923957488
-0.0035127713839301065 0.035365822232197044
-0.0014716749316758134 0.035740207741176325
-0.003081256909232532 0.034081279408881573
-0.002265511681169677 0.038934380763860646
-0.0037202076252300068 0.02513653173241588
-0.0011528509425706777 0.046962360275323925
-0.00492614393395494 0.02865570342459174
-0.0006484521870116808 0.04313584048805437
-0.0014402450590316192 0.032779804760241185
0.0038614161175260114 0.04141346495049887
-0.0026938470145245106 0.03516315061474558
-0.0012013753478000498 0.03416632305264873
-0.0027906980465364976 0.0337443159267012
-0.003924857979367263 0.035643926735098266
-0.0015880521625021775 0.03511210693744822
-0.0005119511753325589 0.030650160920597982
-0.00250354687965203 0.03813813181541788
-0.004182401532103306 0.036658365768224635
-0.003724937932027605 0.03770157996145991
-0.0020578965454759244 0.03630952819810247
-0.0022788741816032842 0.03498832191610508
0.014177116550965957 0.05261491371235412
-0.003390671902105883 0.022694822946491125
-0.018466979346851802 0.01902646216689026
0.0036486005288165362 0.040158086637201065
0.00131312422147736 0.03962370694531288
-0.0006611628433031871 0.03541378227189847
-0.003348617486909723 0.03279870173348183
-0.0030886993196467976 0.03692697434265209
0.0003623225325405121 0.03952577809958098
-0.006723227691454885 0.035159010751301525
-0.003738474942635278 0.03524879624097994
0.013796829251639872 0.04948289774034316
-0.0007080836448532467 0.03954751291518917
-0.0020436474310370433 0.03711387767348624
9.575060899809579e-05 0.039380068610822064
0.0012403674427558958 0.04020000389037044
4.1195057395679736e-05 0.03809890378274679
-0.00016249084592253422 0.040685858425194524
-0.00934689108302386 0.024393290804143944
-4.4658268829855016e-05 0.039291230744195896
-0.0005455720535191013 0.03946684562210785
0.00024268642304416327 0.03839474357718094
0.0069002612681210995 0.05201760756401015
0.0031239725664433987 0.042995364448439946
-0.022422449192510758 0.006785849719589135
-0.004054400843974902 0.028664092064243765
-0.0016018218448824169 0.040929450613712295
0.008865427149399772 0.055510309007786154
-0.0003914141209451177 0.03450440241088422
-0.00186665667256986 0.035052741731317075
-0.0021675903110162684 0.03579390970069225
-0.0006842080581199238 0.03571053189917435
-0.014731067114614915 0.014980022696322329
-0.002289750228296144 0.03582941679783476
-0.00033287415774700636 0.04016220652015719
0.0007435487474542622 0.03582658582840455
-0.004278578726057667 0.034945238087462374
-0.0008675247095821458 0.037177351751617585
-0.0023854376433616003 0.03474553304420498
-0.0021362154110556356 0.03479362357438949
0.0003600665681557599 0.035609940205630644
-0.002938369357279949 0.03415885277708415
-0.005222926181111752 0.03675093997639785
-0.0027256567505091127 0.03592748447825196
0.0034174146219363853 0.03333414174123801
-0.003659540629068932 0.033334934585364365
-0.004346224698678524 0.035748624970341106
-0.0004997922906911866 0.03407015887206284
-0.004215438414135549 0.03679382548520334
-0.0006841329951155334 0.033708666914560495
0.00881645390704746 0.022543637133353125
-0.0013200329837695867 0.03098034960137648
-0.0015676100311589193 0.029327561044178954
-0.0011908229813622022 0.022414768139112876
-0.004759259995630767 0.03335706154784064
0.0015621467975964341 0.01987366482235671
-0.006940052065795805 0.0297687799551722
0.0009604894794326695 0.022311764705556805
-0.00233394435427444 0.03483346058270605
-0.007410160812655496 0.020126292613804567
-0.003856092764408746 0.02884668158066246
-0.00037165451750322464 0.02234788913176318
-0.005792495056080758 0.023128810445186512
-0.002340042395776601 0.02628564576943755
-0.0006646970787965597 0.02153535621715892
-0.004610661925101381 0.022802356883507804
-0.0008213754081066705 0.02055903315322767
