0.02800624341356824 -0.024500590931704234
0.024067418084737547 -0.024984853063470678
0.025676920084110832 -0.02421151529479729
0.028352500071276276 -0.02363171127803024
0.029036164100176818 -0.025926014440018217
0.02938881754764711 -0.022355723343844756
0.029074757264944785 -0.024535035746656306
0.028098216181444636 -0.024285801139988048
0.029405210808793086 -0.024258521888418625
0.028714870164726885 -0.024094961634464816
0.02830741718875204 -0.02483252443379239
0.027932535744816512 -0.02472123948833563
0.0279370238836392 -0.02408520437873055
0.028410440804663945 -0.024550095305832884
0.027905520128769953 -0.024542937562968246
0.027917570590219595 -0.023945030461943993
0.026547769069127373 -0.025140845214928462
0.028875159666315885 -0.024745578344055583
0.029392785680040844 -0.024152762716607854
0.027780466057309414 -0.024148260650122686
0.026802110126312912 -0.02478585481837795
0.025471763202784884 -0.024462672800633443
0.026518316067534155 -0.02382759756132161
0.025437481984994854 -0.024640550488855415
0.027211712806566684 -0.02387729297906985
0.029140430603256353 -0.02263869650269504
0.027800033806855574 -0.026520420404075016
0.02993159769843581 -0.024060563152655843
0.02901747340246402 -0.02354344255684041
0.02836872381973934 -0.0245530771832532
0.03000612939074698 -0.02324742514233383
0.02817575157573483 -0.024705196707420805
0.028433492716390545 -0.023173308364038667
0.028461923172007294 -0.025036931439422126
0.026349464994282455 -0.025262917440109587
0.028781319757960628 -0.023416565604383908
0.027893496936838156 -0.0251691254287261
0.027309032973369226 -0.024408775129316527
0.02621254345881031 -0.024069624060032244
0.02808657238095987 -0.025230308698995594
0.026717172102360884 -0.025293225574542198
0.02922687989413632 -0.023790834808074677
0.0293056337096859 -0.023566021151169934
0.029060525078114133 -0.026322396990230677
0.02685072125762881 -0.02442611673511966
0.02513646739779121 -0.022325015818061043
0.025770054041214924 -0.025356803678647153
0.02586483374945384 -0.025486219455810342
0.028859532827699683 -0.022904817924372076
0.027800670796213695 -0.025068893142492308
0.028544431806925685 -0.025266310406129065
0.028589163429550753 -0.023198624778107333
0.02895909906220642 -0.023708035750525967
0.027716752922788714 -0.02376641946619665
0.027824480469990556 -0.025568963763308115
0.029281619381758616 -0.02397766697407325
0.02806562711883735 -0.023714827924775448
0.027143485117604112 -0.02678289879689103
0.027871580935339927 -0.022874351642433264
0.02695648379541721 -0.024753744807951148
0.027816541829535812 -0.024482150362419994
0.027359820956149975 -0.024478945090202573
0.02769301247891959 -0.02428080286581172
0.028221583381861735 -0.025977224743029246
0.02894741278543728 -0.02292350354177367
0.02827358760255774 -0.024533501126585287
0.026981728365321558 -0.025569557593780243
0.028175564107464534 -0.02508767951390992
0.026010064931647914 -0.024443195903052026
0.02757670993679873 -0.02312161835459151
0.025707361186460217 -0.025961675066011023
0.02660328192403395 -0.024472408250621833
0.027898626810128797 -0.023904103178810563
0.029856668488551997 -0.02497440027060541
0.030832965081826095 -0.02413671920931496
0.029165418722304815 -0.024551802434922308
0.029430612304559105 -0.024772669575560156
0.028045986991665803 -0.023855536426150823
0.027770394596746777 -0.024858869411209104
0.027552110336083364 -0.024240578524748178
0.02837151011010838 -0.0242443358661644
0.02821824444838297 -0.02404109393157453
0.029399453792596047 -0.024276023492560337
0.02925261968157333 -0.02444787190518508
0.028683441043034014 -0.023528839711966208
0.02835002974328778 -0.023613205625381304
0.028695759636575214 -0.024079011345870902
0.02948757194481817 -0.024101639595311784
0.02880137415754822 -0.023827354001532606
0.02782557890557129 -0.024999669669782763
0.02781173947748865 -0.022455724206632808
0.02757204203513965 -0.025102077169339574
0.028171941195121387 -0.023432527097612153
0.027480316635998692 -0.023543512399446107
0.027985465652767123 -0.024233818426167928
0.027240613182470636 -0.024029886564420875
0.025766832241221043 -0.024535598151243652
0.02445098913742476 -0.02481690277904883
0.026959732798958812 -0.023787550417345513
0.02710817792891491 -0.023789187155627087
0.02742827566627978 -0.02401612553368818
0.02934252305321122 -0.025023621387781945
0.027454587886559686 -0.02497892280425543
0.026569164159923327 -0.025516211502503192
0.024195193937335067 -0.023233708977430188
0.02495973779209876 -0.025892860064614918
0.0276993305158276 -0.02458392125882972
0.02465321084336956 -0.024773614632315897
0.029217712000272723 -0.024633935565677754
0.029060507682374847 -0.024648444007583623
0.02947801720574267 -0.025140691437618243
0.02954878000239179 -0.025336288006030192
0.030512405691012563 -0.025758727407929647
0.02964353534829973 -0.023567568101652534
0.027225318250861937 -0.023378226880156814
0.02513475999330296 -0.024800417151997576
0.027700237251504268 -0.022701366721810366
0.029000018211834563 -0.025953092919758922
0.030120279497250945 -0.024224118630039402
0.028466364644307008 -0.024930578053720596
0.029035333428357856 -0.024313585667127966
0.029124885770049135 -0.023315868894272316
0.024286076450949993 -0.025913111146587817
0.030231524947045393 -0.02138582118277158
0.027856991334399683 -0.0261044917824074
0.027089437963216837 -0.025185880933939395
0.02795451766853507 -0.02189155774303678
0.02757605974355071 -0.024027867140365786
0.02597907479477975 -0.02408395595469551
0.02827045797520446 -0.025094493649551217
0.02803055620752558 -0.024112371032869926
0.027792594476370825 -0.024147824473265165
0.027934367183344324 -0.024464302987646378
0.028041362763736328 -0.025128499782600264
0.0283666862200631 -0.0231308305848115
0.027958187747636126 -0.024891502019088328
0.028620605472265814 -0.02495432226843167
0.02819745816127384 -0.023144934442254104
0.026934056913881687 -0.024909808783037755
0.02898847073882643 -0.02455237011287362
0.02708914217290576 -0.025250349597833375
0.029047748590608626 -0.023663038841947013
0.026975043334246312 -0.02454680558902281
0.027543862437264578 -0.02437270322615318
0.028519636688853805 -0.02296145253109397
0.027592662656614936 -0.027637051671172395
0.026766535139856457 -0.02687544964366498
0.028371554841409335 -0.027704950856976027
0.028649097297896605 -0.015244913888321748
0.02568792343476466 -0.029333953908521813
0.027378163534308973 -0.020292232543466713
0.02780319941563682 -0.025986683065679448
0.028092932694607508 -0.02206512693124044
0.03061424817225301 -0.022543463666517192
0.027595318397996307 -0.02896056603932554
0.033922291521528924 -0.022705824346052537
0.028692346055112446 -0.02799224179874796
0.030545944474778253 -0.02673031428296294
0.03021327923857656 -0.021052104153531457
0.027213342356264564 -0.022639307754022817
0.02477490644260679 -0.025413170909681235
0.030433898035053055 -0.024930413046198283
0.028557283828105264 -0.026401356544542263
0.028809744674935894 -0.019029362145936344
0.026450878094848144 -0.023962655764284278
0.026579343707917116 -0.023889260728934745
0.02743970497398319 -0.024751590349201966
0.026738261911694847 -0.0243925943935093
0.02753630119380265 -0.024279001708169577
0.02708495574849833 -0.024622900106618748
0.025771608031213162 -0.025670265420195935
0.024469492255237497 -0.022937740472475574
0.018783817559400194 -0.028974032689763205
0.032963830084027604 -0.015238123619580463
0.02585692849055191 -0.029355756879919013
0.024826984665325753 -0.02266267302751904
0.02716598223210689 -0.02364239191460896
0.02805793837726824 -0.026876191123598656
0.027339763741678094 -0.02361574784940926
0.028478471948141997 -0.025032876538147817
0.02878919504842103 -0.024815628129640808
0.026181326493151826 -0.0254008238928061
0.031160879654955526 -0.02218252272247415
0.028581652658666887 -0.0265093292165928
0.02456190599504012 -0.02260471477581197
0.028154173448111806 -0.02381287561228199
0.028168117992655364 -0.023964675561378965
0.028009519446300823 -0.025459672880895155
0.030989249567130017 -0.0249984249990847
0.029740638267987177 -0.024434047374650745
0.028565471488810588 -0.024430939428479213
0.032181291267466786 -0.02370019104804014
0.029601338059104792 -0.02375442572361067
0.027361277297804274 -0.025762934041377448
0.027732196976761155 -0.02390207739115516
0.027635774996346462 -0.024483666771446342
0.026712544117396122 -0.02500689094231959
0.026343479861788855 -0.024822385601680295
0.02634554336347066 -0.02609181211185366
0.028484885982030885 -0.021738641310795424
0.029125703606669936 -0.02499373283189946
0.0287341503844144 -0.024895945870649503
0.02853877065181899 -0.024565102319415142
0.02695913454165341 -0.0253056708947719
0.028631227402241662 -0.02361583914906776
0.027924078925697527 -0.023495689616408275
0.02678796287264139 -0.02569540638674964
0.028571181332691275 -0.024531568194394313
0.028295381484683284 -0.023128551500841286
0.027261002080003486 -0.025035595709445278
0.028105393146669173 -0.024622562175389304
0.027235087705725625 -0.024196582739841852
0.028567088755187712 -0.024436281335904284
0.02808257473531513 -0.02403381404240171
0.026603827526682906 -0.026524371213225737
0.028214173154556172 -0.023019258145597275
0.026833379959048994 -0.024885322882335168
0.026263495428328534 -0.023476507382248966
0.02865375281194271 -0.023583478700140135
0.028065690620304246 -0.0251772174623868
0.02871724581533649 -0.025286459418221417
0.02695255351586291 -0.024647623967611474
0.026676972698100602 -0.02526743240374055
0.02881597764521147 -0.025049337394474045
0.02826120650348689 -0.02387517914911411
0.028614590730289425 -0.02556967718285089
0.026788277042529177 -0.02465278108755301
0.028760249482703806 -0.02497287883402802
0.029312172939118888 -0.019757441132626705
0.02767164846847989 -0.0308072825710595
0.027856333743277267 -0.028339668191470744
0.027866267932080305 -0.018328441737974797
0.030333852311334532 -0.02452297010911367
0.026692175517031392 -0.020407034852882675
0.025791871499104 -0.024993429574901724
0.025615157159866803 -0.030431444434005948
0.02450671270692691 -0.031149177605807297
0.03944652980660151 -0.009876009945136738
0.017015412313167916 -0.032794850855340424
0.027535607856334302 -0.024289443987549873
0.030970617461244156 -0.01940236674576926
0.025601337204305716 -0.028013862474444182
0.027221484549802482 -0.02507932710613828
0.030151505316588587 -0.01903545889888728
0.02795264170114718 -0.024512597652025323
0.027169424617499095 -0.024357397112713373
0.02747247944364112 -0.02420890055359418
0.028011620211114006 -0.023799531491742108
0.02938302473087769 -0.02387488525398321
0.03066696125982891 -0.023995451976649016
0.0311150173827423 -0.024981941934669103
0.028870394028090707 -0.024340035102016464
0.027211858923461302 -0.024378124358887896
0.027037096225689682 -0.023564261535410167
0.024937091831336026 -0.024429895865854232
0.026787456240432782 -0.02356289524048275
0.027306605566101424 -0.024813734928638618
0.027965263153027945 -0.02393173750405134
0.0290188580333238 -0.024400763758290398
0.028773630990762338 -0.024877085152510445
0.028895288130276756 -0.023414458944472725
0.028589646663047048 -0.024266132982041753
0.025973986470610038 -0.024159854206859763
0.028076011228055375 -0.024506754619374713
0.02712759782820445 -0.023836989499011616
0.028194743682469794 -0.024304058230993273
0.028031782275441692 -0.02422855121382653
0.027930678727430585 -0.02495304011243119
0.029313991894546556 -0.024108476030970914
0.028020460824309274 -0.024090059864888578
0.02750902099168875 -0.024576639523717057
0.027972714863343243 -0.024991714457975687
0.026897316816519686 -0.02356089013972443
0.02752539399352662 -0.024780585268909614
0.028222107152572864 -0.02431336332238979
0.027788353244193906 -0.024020856081413498
0.028301120579941077 -0.024736647108595498
0.027538436201244656 -0.024646117505583907
0.027667011916062235 -0.023779805304828625
0.027963920033724814 -0.024555900924198935
0.02747786050600824 -0.02458561280633712
0.027991554295399654 -0.025353417815525057
0.028342856196746587 -0.024954608699151924
0.029118820460747794 -0.02316116911818725
0.028361952422719713 -0.02456468845061702
0.028488006464258763 -0.025532612246119277
0.02795404228281258 -0.02425020725325758
0.028305816982867885 -0.023182710524714465
0.026385897746062602 -0.02646637059387483
0.02779321655998482 -0.02483475650046255
0.026479508248923474 -0.024784197923200222
0.028278480702704698 -0.02357694913026157
0.026315405645771377 -0.026035516274461244
0.028980835911219475 -0.023679736172494113
0.03198139953329994 -0.02323418759191601
0.03339123258518492 -0.011897926001193354
0.016399700494858973 -0.039356075632850845
0.029185787855454805 -0.02408577622368949
0.02690078446995699 -0.02405671761852005
0.027202051312505377 -0.02472948972391412
0.028669536156210675 -0.025401639861473178
0.028173228675696483 -0.023505243930192408
0.02759597042315898 -0.023637704789728962
0.028169368849392865 -0.02443979748385575
0.029283457208306534 -0.02262871276775161
0.026861209535975792 -0.025224128082093098
0.028366071515877608 -0.024240218627858776
0.028917166105347152 -0.02326989940815197
0.028467144252289047 -0.026333562958175603
0.027570382009302296 -0.02470407270743816
0.025962293645286388 -0.024319993514305503
0.028829978093877256 -0.023369888565020456
0.02916437356254135 -0.021869479490436192
0.02801470663410968 -0.024078641553530376
0.025751109436001802 -0.025303477483692025
0.02911032137315669 -0.02320250005759242
0.026386746618705926 -0.022817779368163236
0.027658495966505093 -0.024540489699949073
0.027778119788253116 -0.02428389439661086
0.02748739913407965 -0.02352357998397817
0.029859867569222247 -0.025283831030573665
0.02790599098969614 -0.02380685194785873
0.02844078326439468 -0.023939901684251672
0.028715268168983062 -0.02373722999035602
0.028986061218725125 -0.02431308474559016
0.027343751328670233 -0.02423040466655427
0.029294324712126663 -0.024206688043620504
0.02743214698075663 -0.02429883449187423
0.027887645510796175 -0.023913573292774024
0.027462042140157666 -0.023189160656561545
0.02717581708730005 -0.025061319634512223
0.028396492189333742 -0.02388274069787036
0.027627824930273635 -0.02456116704073844
0.027261542352800313 -0.024051072107212277
0.026527788738268585 -0.024346831477699813
0.027696481186993898 -0.024575339471944378
0.02783154491468807 -0.023270661766976262
0.026306209416487297 -0.02435696517232414
0.02826583384954107 -0.02429250807393227
0.028021766909355306 -0.02446391466384371
0.029891806032249838 -0.024924887318110298
0.028273614888250222 -0.023718074021748
0.027824513123443226 -0.024551973049184803
0.026825013457693402 -0.0241677085606942
0.02776939858497621 -0.024512414998420193
0.02639819888058342 -0.024241894204063894
0.027314629265762325 -0.024896474407703182
0.0275165567597566 -0.02456920862625037
0.027058233843937757 -0.023695184050152727
0.028599166293044136 -0.02497546309079882
0.029491057705968247 -0.02405757544120338
0.02802368862195313 -0.024595222607251253
0.027558245962560967 -0.024350775331933004
0.027600910741134427 -0.023654177408770658
0.027448169972453456 -0.02487845616752019
0.028416557761489537 -0.02418714384540913
0.02804867784614346 -0.024865289192857163
0.028839740299762887 -0.024787253347377445
0.028047072095332134 -0.024780694112378075
0.027972447517923344 -0.024601120179859524
0.02833958204472511 -0.02434817058481967
0.027399250643899895 -0.024419230595582406
0.026002504998359034 -0.024694658429845116
0.02848755030504393 -0.02469499044094817
0.02770133189664643 -0.024594218290210388
0.027330330813000545 -0.024505338701963395
0.02571912433229408 -0.025314361434379627
0.02792721341658534 -0.024406885313452507
0.027405265519573705 -0.02444510910815548
0.028177422652894173 -0.024557579845136544
0.02759025570414952 -0.024836337949555563
0.028979401928506985 -0.02384577002955871
0.027034819113680098 -0.02511310091007893
0.027407006267902764 -0.023513242825610434
0.028756681246015863 -0.02491183716669768
0.02801036793736082 -0.024727466492698667
0.02849179714697701 -0.024507243835115742
0.028047922622305568 -0.024573787534685008
0.029658667406000785 -0.024705452415722005
0.02905410998217103 -0.023778786084462298
0.030084537374763656 -0.024120600424025116
0.029685440369830864 -0.02474024481275475
0.030057215593321734 -0.02459856014268372
0.029626043576842554 -0.02398887934128505
0.029333076272374855 -0.024628783287260734
0.02895481541189338 -0.024034243585795898
0.028576116980677652 -0.02423678284171896
0.027881080705472554 -0.02477990496092367
0.026871256304513442 -0.024065207520954677
0.026582926243494055 -0.023864312228739002
0.02625411763202416 -0.02381258237444509
0.026109573849347856 -0.024362848277686564
0.026462663062130572 -0.02367914688916176
0.02603400377762029 -0.024159313718774587
0.028553794587765875 -0.023389673295576983
0.030182401767739255 -0.02229405620759198
0.03165838489487628 -0.02378196000871949
0.031939938456004874 -0.02338053603161486
0.03272232950140534 -0.024264716774170778
0.027716787996458433 -0.025125396947437238
0.026779228188286066 -0.024287810224937787
0.023301508803470917 -0.022694641489659415
0.022901782052939225 -0.024259487685192736
0.02451070354098667 -0.0242764038945367
0.02505526402143028 -0.024061158717548135
0.027038738811563646 -0.023821909576145415
0.027504064345615944 -0.02408104931926117
0.030114961218991102 -0.02397093216643945
0.029877677646994696 -0.02528026338520187
0.03057801741872673 -0.023722086840305443
0.03169414603523707 -0.02477295448773734
0.02978454805785573 -0.025194826628784948
0.02789093982145977 -0.02424050346363774
0.026316528925246937 -0.024631716857025397
0.02593567645078559 -0.02471554631793541
0.024792692105331828 -0.02431519150645148
0.02574213692633587 -0.024616713630495588
0.024316827912371802 -0.025592762892273
0.024367655699819152 -0.02475996030148434
0.0240841673769421 -0.023313115501919755
0.02297576621280911 -0.023064712073592095
0.021775346366998412 -0.024797597510359624
0.027018741609406597 -0.026452091330728487
0.03051406717522943 -0.02523238345098314
0.03127609511553822 -0.022976195045102652
0.03626383608261697 -0.02557804468100081
0.035580838699209826 -0.02502109000253031
0.0318947210931356 -0.024621837504780007
0.026872924965088408 -0.023973757920154024
0.025466387064184335 -0.0254317726141107
0.024537513550845057 -0.024304379608285607
0.026728902041871703 -0.024674732397197006
0.028950793577772544 -0.024304050222205196
0.030529377808677902 -0.02366911826331578
0.030415060449680845 -0.024765736907195666
0.03048509804101956 -0.024585242226713464
0.02862278845999237 -0.024408720309899743
0.026644395595274203 -0.02673576683409754
0.025771361766033864 -0.021598295838993118
0.025869726245327258 -0.024226707328647987
0.02793327419990332 -0.025703858187510895
0.026928243663354213 -0.024191300844575356
0.028421409049551063 -0.023418331749977015
0.026635000156295902 -0.024020886430041997
0.026505876172973678 -0.02447285048700557
0.027395075781960574 -0.025593433365948912
0.030286646248565825 -0.02289891734726138
0.027315354230602256 -0.023421752168518304
0.027267891122189195 -0.02500515826399966
0.028983220472913945 -0.023185617478799245
0.02723630646894838 -0.024392297337065636
0.027580274277955803 -0.02389898120713466
0.02773383076798955 -0.024356963099242433
0.027583028966947008 -0.024623970844228658
0.026882489686549296 -0.02369395855593884
0.0264022512735707 -0.0252017457977283
0.028024693010279256 -0.02414058805571487
0.028231169222476548 -0.024380895422001534
0.027727603721306986 -0.024584455766894418
0.028469640685263194 -0.024530602441519087
0.027482767367569414 -0.024055447975170705
0.02842637131372674 -0.024658775407596232
0.02811244195792122 -0.02443039562018526
0.028439594825111953 -0.02443223356863314
0.028395522285386814 -0.02494932366256689
0.028091624811515708 -0.024308492624070453
0.028776965255207395 -0.02495139060617627
0.029274792737576102 -0.023982295133115925
0.02891261286698622 -0.02464331603987849
0.028137751329236935 -0.024938394277150642
0.02776437236241486 -0.024779664459822857
0.02660912829041735 -0.024409358896725384
0.027317254559644243 -0.024439586792512933
0.027316436683506567 -0.024620154532665892
0.027570569628057272 -0.02446624767989228
0.02794834969380856 -0.024621726251376184
0.027911432736128356 -0.024382680403605837
0.027559924796758336 -0.024948274500272736
0.028000528189405124 -0.02373942247128172
0.026891214487141848 -0.024458063501206637
0.028147597584654068 -0.024936094693551323
0.027557094230760176 -0.023948034678041883
0.02888268315220705 -0.02404152099792548
0.027771656023026902 -0.025271151277028312
0.028906826777776656 -0.023866593441358473
0.02867020754160882 -0.024411409802441972
0.029181820847131102 -0.02471238860123218
0.027961803913218317 -0.02427635885626581
0.028455176316203593 -0.024266044101997095
0.028372388457498 -0.024249767193124803
0.028213950367473147 -0.024318186776357806
0.02754115235439798 -0.024474275179924097
0.02743235652622689 -0.023430224717163415
0.027908596242018514 -0.024874222947027156
0.026895952944891586 -0.022847107914588025
0.028948553050388934 -0.024698506015318675
0.028001384012099197 -0.024498870533279624
0.027662330431264964 -0.023845359546263132
0.024410156987924 -0.026228200182376402
0.029134845143743527 -0.020774720549748858
0.027816183451911756 -0.0256357020645939
0.02393155089572066 -0.024681743147052324
0.02875196970742636 -0.021945203534113254
0.027501606565271907 -0.024066493514228546
0.02811448041639387 -0.023288586936995235
0.02869269996556353 -0.02354321175057542
0.027635857643440124 -0.025102350369191204
0.028758695984709457 -0.02260404172750555
0.028598573619240893 -0.02563056474331241
0.028066536087140267 -0.025679780152544383
0.027392876519998114 -0.022999848202072824
0.027125294806767942 -0.025097308089132384
0.028054700063376663 -0.024853179014322522
0.02927693630176002 -0.021481381237832973
0.023416346792597142 -0.029913154782759164
0.031012221307402863 -0.02233734091953535
0.027634183915172392 -0.024972261488683176
0.027499711370411805 -0.025083572568022326
0.02782029540566017 -0.025473429775758647
0.027442664888324437 -0.022853720917576346
0.028042295020267356 -0.026349521258728168
0.028209007698388428 -0.024448488773281683
0.02828561533037931 -0.024652822194132482
0.026859665956535623 -0.024760335645387408
0.02863902927537119 -0.024805850007793926
0.028088959171853296 -0.025341445120480564
0.027298437637749712 -0.02380845790114464
0.02818080409238864 -0.0253380975428659
0.027539351134689295 -0.02473567708035865
0.028608145683787386 -0.024111142760466362
0.027624330917932215 -0.02523498987162268
0.02794101258897815 -0.024656825872468677
0.027310040615686006 -0.023982177574896988
0.0278787589740488 -0.023966614682242624
0.028230482001041547 -0.025656972306866286
0.027663906942636835 -0.023887164219901922
0.028511534544432605 -0.02475751805107088
0.028788532939537554 -0.024391032929955956
0.028522943125103114 -0.02402369448337097
0.028630611547279448 -0.024465096984612775
0.02721861538630178 -0.02472784985574886
0.027637867841496442 -0.024732533276776745
0.027731114065373413 -0.024388186470792026
0.027695128809417862 -0.02461520335681325
0.02748107775603485 -0.02435431209748565
0.028277861313285562 -0.02417050855250261
0.027710880288957584 -0.02436320369019199
0.028043600046841494 -0.024739116604576315
0.028908534819990294 -0.023144669333087706
0.028175966506443804 -0.024200249922516934
0.027280045723862553 -0.02418654752748964
0.028675486096558105 -0.024985169410511685
0.026955509211044257 -0.023279221728154807
0.027933758177500694 -0.023954645948001372
0.027522029752499667 -0.024114869866364717
0.0280757845423559 -0.02413202770543824
0.02794751041470275 -0.02494743533732716
0.02808657988878149 -0.0237110146600468
0.027603858629001384 -0.02442381675980679
0.026920861259290305 -0.023964630678490893
0.02747616323928687 -0.02309262448080188
0.02753291729048656 -0.02419571109730437
0.029480610395752126 -0.024043502477495236
0.028689623752453017 -0.024616428830112533
0.028048882344403486 -0.02453765407693934
0.027793127764133316 -0.02363752254949539
0.027033472597859817 -0.024578465017725013
0.027511652793694285 -0.023644142215468542
0.027439157571914088 -0.024176894365071342
0.02703990406843326 -0.022614066599055547
0.028499867593898245 -0.025260858706896126
0.028601949210458787 -0.024242134638428756
0.029518630696157042 -0.024174360593328035
0.028763846012378493 -0.0237798779159191
0.027673213217444575 -0.02433987989536693
0.027559422490031956 -0.02431843140615778
0.02764948504962707 -0.02505496841399849
0.02767474424926866 -0.023045094843394707
0.027264987336744966 -0.02499613101737078
0.02803150116980962 -0.023428085740420133
0.027058017764206983 -0.024325971006600864
0.027430111648989845 -0.025486451411470133
0.02773910923528086 -0.023530603085367727
0.02832818903184046 -0.02458260853724673
0.027417738982962996 -0.0244521010861927
0.028513415541636864 -0.024867795616744046
0.02769259491831338 -0.023689159051232065
0.027876380968777346 -0.025252322210825216
0.026510381417198917 -0.02358212467129309
0.025752338630512944 -0.02396067606693045
0.027895802301285206 -0.024630601678354434
0.027181660803428955 -0.024904894097110195
0.02813108722554079 -0.02447586142743677
0.028528163851439543 -0.024092861537845543
0.028516385069293018 -0.02496427066129495
0.028310207838286246 -0.02517037266974412
0.027865948132323962 -0.023901904896386026
0.0272254428224246 -0.02451773565061258
0.028452972946161798 -0.02392148568741351
0.028630396423712876 -0.02450684220197877
0.028203413000865558 -0.025532362014493635
0.027493572706709175 -0.025122813932178665
0.0272226887142424 -0.023672247835686364
0.029939080796388542 -0.025191270253432516
0.02869446087500002 -0.023808022058708942
0.029209215813302925 -0.02527975078942671
0.02888597075924917 -0.024418897880353927
0.028202370195618293 -0.02418770831543896
0.027599020751650587 -0.024744484768035622
0.027366673002208745 -0.02473970250255134
0.027490831808627745 -0.02474885330794344
0.027413368399291257 -0.024332021006163083
0.02758132973287623 -0.024374175113120376
0.028342494494215765 -0.024673806032476518
0.02809302300360023 -0.024847634531759453
0.027091545361605605 -0.0236954504271181
0.02735128502388352 -0.024400508427868037
0.027830882083319918 -0.024414228008471626
0.027903542987298063 -0.02427853140011219
0.027770396611682357 -0.023339293565151995
0.029040318283398748 -0.024650653538597776
0.028739922519642327 -0.023428251019153943
0.027446997789925803 -0.024934937771160102
0.02734487786027241 -0.023919603521549457
0.027133276779900687 -0.022804816487574295
0.027116574905948997 -0.025157783776055518
0.027877669400480403 -0.02473715895384346
0.027035988082779686 -0.023755881351427397
0.027507835249456564 -0.023844187825170313
0.026830760172938225 -0.02445169906730008
0.02771347429758746 -0.0240541600044735
0.028361641334603966 -0.023799273532941787
0.02765422762027257 -0.025544209869720755
0.02828014535150233 -0.024118766962925284
0.028737699790909916 -0.023932614332456557
0.02852633640067279 -0.025550567022562896
0.03007013668732691 -0.025055618540063693
0.030011547585459136 -0.023317040423897626
0.030784947800749505 -0.025262264230204532
0.03002918846271217 -0.023923323631409175
0.029618030809042097 -0.02433422728049098
0.029049024520347033 -0.025784828305623928
0.028686838589892637 -0.024269619316897004
0.029003866191018118 -0.02478801043684523
0.02823560483855352 -0.024428789016118366
0.027402335846755884 -0.024348230291643156
0.027141440629323384 -0.024323778401121463
0.02636142760831218 -0.02412242250194255
0.026469410227428044 -0.02462544331410491
0.025095639149715986 -0.02434701917202101
0.025239375606875555 -0.023909973489311596
0.02426894502039184 -0.024639781189570917
0.024278752609001388 -0.024930033636086067
0.023028131550770107 -0.02436282552808858
0.026366296952977108 -0.02392008233842405
0.025234497910384665 -0.024077417941353017
0.023793156490648493 -0.022239965274303972
0.02722597060116218 -0.02358330325601313
0.027567619433723396 -0.02447135217685051
0.028182459271718672 -0.02348201845377521
0.02823395469082172 -0.024578662839108065
0.031717727215763575 -0.024417466466264668
0.033457537539521104 -0.02442100705980591
0.03111142049339045 -0.025006798721990662
0.03146222655442481 -0.02461862198621193
0.028373137384097937 -0.02465796590216088
0.028743518198129456 -0.025828855809096916
0.027116586338408282 -0.023856302472707678
0.027040770357243855 -0.024747289870935805
0.027240726645556258 -0.02585962454373217
0.027019211352475713 -0.02367656725939041
0.02799405765280979 -0.024480937352839214
0.02645292144988152 -0.02495714157599863
0.027848220161785776 -0.023742162224783123
0.028096023149928314 -0.024936863947981478
0.028374045819338046 -0.02427475620023548
0.028013207214844422 -0.02498673577572411
0.029220751729308745 -0.025178929735488107
0.02654480740305717 -0.02395200325772698
0.028695618687442196 -0.02474190735335705
0.026231820152060558 -0.024467304662537024
0.02825151419837663 -0.024136833161391178
0.026746797987921168 -0.023974143088737052
0.026774315288996656 -0.025992817258475163
0.02654353750440557 -0.023522959856084467
0.026102508536149382 -0.025076779505929046
0.027973398319351448 -0.023655228662529146
0.028174841500682783 -0.024655481639326546
0.02972429838112609 -0.024674295185003223
0.028664538455302393 -0.02442502207455902
0.02722805341006666 -0.025281587762292532
0.02930919137094189 -0.024419214673842258
0.027071786468461718 -0.024677679752834778
0.02765964675270147 -0.024806114848105385
0.02678164875054483 -0.02500138254745646
0.028505557826675142 -0.022510057527074277
0.027981513789775345 -0.025578421126078586
0.02772906826227829 -0.024615901927057125
0.02853569920355201 -0.021465026950121122
0.025545299831136205 -0.022009798187232508
0.029657190202470717 -0.02292250753870387
0.029066396218781623 -0.02359175749302492
0.0300975557507878 -0.0258555942691692
0.028857306264999372 -0.022543728912652248
0.03050984037060368 -0.02460940763006095
0.027187334115544807 -0.025424677399910754
0.025318581547826933 -0.024668822016245682
0.029366933144024433 -0.02239173106024087
0.026561528302392775 -0.02552050878268156
0.029814171493229406 -0.026996296421899966
0.028454870104882176 -0.02315519198034791
0.02871589757408299 -0.02387780640113005
0.026572039928714288 -0.023270000683646628
0.029586098819316297 -0.02609050632906976
0.027875778235423237 -0.023778682438977437
0.029401418573626808 -0.023252516765605056
0.03260108650042898 -0.025160492403917743
0.03283007493684072 -0.027126075542226045
0.03230758547304072 -0.027437474182135522
0.033355575226424544 -0.028354278411835385
0.028652843672576044 -0.02609550765679128
0.0277666554347405 -0.01827854761231665
0.025756352635601023 -0.024108100168552835
0.02862540937414419 -0.021496166702493356
0.027907394656682478 -0.021995848455083986
0.02575687570463674 -0.023449385581148206
0.024756301737595538 -0.02089516684884377
0.025312740254657663 -0.02442934289770163
0.022875967547260238 -0.02351258793810421
0.02401746073653647 -0.022396451008049465
0.02292136033262643 -0.024058121394700902
0.02355508619802706 -0.024544554143329154
0.0256393429410814 -0.02301446744724037
0.02433497683655013 -0.02594868235584816
0.022525447718476498 -0.021833591993778243
0.02342443711630766 -0.023329067563066217
0.025884601468517874 -0.023971118364980924
0.026367477980712744 -0.022947640571681336
0.029212728748355784 -0.024750411039324436
0.030458129830957217 -0.023998520302270596
0.03165881065749236 -0.02328301766657862
0.032260482489507414 -0.024612269921186845
0.03207666066460027 -0.02472160464662546
0.03140750757973562 -0.02449051784827708
0.028712260570337888 -0.023962209302357738
0.028720592253129198 -0.0237251802692087
0.02707312226655471 -0.024608324042100702
0.027097305489636205 -0.024137108678065986
0.027905643753460368 -0.023637739960734403
0.028473448477632262 -0.02409377807507099
0.029604808567951026 -0.02362895348997299
0.029306023447695808 -0.024755409229996448
0.027771855248846008 -0.02405043577034219
0.02932278288266248 -0.023334572092974546
0.02742527869881647 -0.02499616352004844
0.027981169042438848 -0.025498685448271084
0.02969380623406905 -0.023316802517100475
0.029845027534305502 -0.024346919131651244
0.02669477971850909 -0.02385121043844277
0.027481623770412914 -0.024190567732650634
0.028519778719178764 -0.023626828368559925
0.026464724249175346 -0.024591710077471105
0.027636581528558964 -0.024797227983847567
0.02539274471337059 -0.02518389179880501
0.026279114502425437 -0.026797107907740734
0.02951523085541476 -0.02127404443515449
0.027111021391949704 -0.02692524560572721
0.026304652989996066 -0.024778377039367503
0.029344004824327866 -0.027789767502515193
0.02791528905033019 -0.0252963802011246
0.026561517985765528 -0.026962702300846107
0.027690638410824076 -0.02444264992868986
0.026151851809196085 -0.030341222076545802
0.027496539881587182 -0.02784712558344474
0.027941154361535655 -0.02600272293989939
0.030009169970021825 -0.028366460897228305
0.02998118612798509 -0.02924687472079549
0.03152879968749919 -0.027986412157937655
0.030082694022634495 -0.030395726071651228
0.029679102095390795 -0.029595863906422912
0.027706705930081576 -0.029985092703992442
0.027206303289119913 -0.03120113438028763
0.0261754677654374 -0.029384319919279842
0.02548694779099171 -0.03223484315656025
0.026100846352739748 -0.031930158939415226
0.025674820348532298 -0.03283807537038344
0.026167591867041606 -0.03408008216703243
0.02731600839690104 -0.033965542339250004
0.028178893879901603 -0.0365614295704795
0.027453776856722945 -0.03655426494289163
0.02839892191950041 -0.03757577300738826
0.028689228540700138 -0.03995490858671061
0.030675560140300557 -0.03842321794197548
0.029664884644652435 -0.037980803016449266
0.030338476681332088 -0.03969027029980857
0.030022587913127115 -0.04095518354656005
0.02822562111022806 -0.041073475667413845
0.02642871979980223 -0.03975044434953737
0.026031713867108484 -0.039497671926681105
0.024979997222836458 -0.040369440147450614
0.025728105133660733 -0.04093625286836414
0.02638153748056964 -0.041571120091664
0.02622226795947116 -0.04115631139570211
0.02823954239387304 -0.04265587155595821
0.027526944130911866 -0.043734395161763945
0.02899529862905303 -0.043785649164724855
0.02928891139346595 -0.043489659023048716
0.028277018024228325 -0.043395758183906646
0.028760325084049344 -0.044097620597376014
0.027579609316362077 -0.043896380771373505
0.027599631531248076 -0.04394387757017973
0.026072757208620154 -0.04485233384087953
0.027054913478640318 -0.04444653004205515
0.027537615498594046 -0.04492061668138783
0.027748239955455004 -0.045507000257236224
0.027699355819598374 -0.04501140215187241
0.02786441842410575 -0.046193525693874166
0.026859060564550483 -0.04536913699675929
0.028161477087913184 -0.04593390787575061
0.02768125721153741 -0.046315929936953354
0.027482683969145553 -0.04615749087908097
0.030090153716411907 -0.047812566017956054
0.026383677386878555 -0.044075363416719054
0.028745404862903317 -0.055794808727218675
0.024697790486041395 -0.04883307747086654
0.029323335418602433 -0.05076535906431337
0.025650210613262486 -0.037040508537083766
0.029277417913462053 -0.043960591674532506
0.02555629048351876 -0.043430281227953255
0.026538493378732184 -0.04813518614647297
0.026273913911193606 -0.04591642740924587
0.026250904803139723 -0.046803696172984105
0.02627023765918655 -0.04354278210462639
0.025861658245769966 -0.04745304130605657
0.02732124051056473 -0.049137931534891016
0.026186032773020045 -0.04486506472044452
0.02666682592753478 -0.0487365204687569
0.026687862878219917 -0.04603320254636881
0.026456625021626688 -0.04731364908400251
0.026545334940819666 -0.046697982316833
0.026971441385730714 -0.04599861182831336
0.025799068354425584 -0.04681664999245719
0.0283907941404928 -0.04692991392559412
0.027762300987820957 -0.04607761607674024
0.027762300987820957 -0.04607761607674024
0.027762300987820957 -0.04607761607674024
0.027762300987820957 -0.04607761607674024
0.027031413816043296 -0.08622266855719454
0.04190936755927533 -0.03641478785729671
0.026451422199038056 -0.04304289123646646
0.02918895022723093 -0.03666800120727645
0.01768950566266982 -0.04718157783843016
0.0279805091133186 -0.038909224299554596
0.029369776347740194 -0.0390077506646718
0.02887002462072823 -0.0382473186352317
0.030097569134383332 -0.03724118390062017
0.02924219798404298 -0.03762540947102935
0.02983494107393032 -0.036366589233159746
0.028817840162617566 -0.03620011113959534
0.02777887843755408 -0.036869778249902146
0.023695882918237186 -0.033290496328695324
0.02499532293703867 -0.0351955667211257
0.026555337670275726 -0.03483745832384669
0.025684930264700017 -0.03380841864301701
0.02385854383084558 -0.03273174147541605
0.026908568385947806 -0.032532677149434114
0.027747074636253376 -0.03167437187967195
0.02692088947799749 -0.03212378496364757
0.0282756875481228 -0.030346977675884488
0.030581864338001443 -0.0297002488646532
0.033465842599140844 -0.030220496575876808
0.03432583614668726 -0.028476241634917385
0.034734566102724976 -0.02839710858908665
0.030270617684784392 -0.029563028699283875
0.028621836499626702 -0.026594931696249522
0.025473615474331537 -0.027500731599095638
0.02400779266209581 -0.027044645857889047
0.022409089467767308 -0.024768752140901937
0.0264665902118434 -0.02725433731737684
0.025765598193203964 -0.026289379439022906
0.024459370484316397 -0.029024713844076486
0.02902402269680036 -0.02786090353208562
0.02899743017068006 -0.025157118587781278
0.028839786936911995 -0.02665962791883628
0.02620888784896441 -0.026241829638659318
0.031786943166384654 -0.02879875774572008
0.027195616441733354 -0.02482182709643491
0.028101835886419232 -0.027156255022750462
0.024764090846846252 -0.027228837783598556
0.026478247383273566 -0.027755202429453427
0.027487923917486817 -0.024902037181346235
0.029034149056598058 -0.02569326398743302
0.02931934921783368 -0.026346585891122074
0.02963644744981198 -0.024690152655236584
0.028418122687762563 -0.02560642131708638
0.028124026808991644 -0.025023393049220775
0.02851931677595478 -0.024954107344827423
0.026968840064548163 -0.02568432098365195
0.027751985388356864 -0.023639669511525328
0.027901178289421114 -0.025861920055914065
0.027306110441205077 -0.023666887925102773
0.03088678140630591 -0.02608460086781553
0.026802512683841883 -0.023547870613563702
0.029639024830928545 -0.025346918837381858
0.030566214932113433 -0.0244908021013153
0.028546798643342804 -0.02283164125877993
0.027884905896331382 -0.026042369269545094
0.026094710007540916 -0.024333800655866242
0.023754260008946832 -0.025034550653439545
0.02448126026136863 -0.02350722391953711
0.02467730163052193 -0.026573260851245038
0.025483192566223015 -0.02413407183220165
0.02683526957321466 -0.023713732687521003
0.027356767120339773 -0.025557482097724713
0.030164103348537478 -0.025826877434845606
0.03269032042148065 -0.024318361595285363
0.03244917318421865 -0.024214110304280365
0.03141087835730695 -0.023574293351094098
0.02820578006332462 -0.025156327195848403
0.026965003648903262 -0.024782544648266378
0.027691840789680174 -0.025164144764296768
0.027175715101198487 -0.024596763752038373
0.02638977165879083 -0.02466725436702791
0.026131742979881734 -0.023374630688825424
0.025280714167307476 -0.024804720403520695
0.024491850728379345 -0.025770751819089974
0.026635737277307902 -0.02690958404543745
0.02855919737078035 -0.02211974070527981
0.02910680831268934 -0.023960077672866373
0.02713819491273584 -0.02654272175345954
0.025731099527275595 -0.023316544447443275
0.02670984638315427 -0.02497789876831583
0.026875276632231108 -0.02645652144392566
0.027216679185754624 -0.023906246523737216
0.029538428686753822 -0.024317787763366714
0.028749736727382697 -0.023836845716635833
0.02777029013811404 -0.024529143059819156
0.02629861888536245 -0.025741573029327367
0.025634288990355723 -0.02486914759441364
0.02642168113502492 -0.024934107655555624
0.028608361765298223 -0.02477975779271072
0.028009656501219327 -0.0257429737033639
0.030694584056528317 -0.02397340951702501
0.029894700220839714 -0.02475716155224997
0.027181870965541154 -0.024799969588372304
0.028828194362336326 -0.025836254048589722
0.028630317337446618 -0.02499875186110415
0.029495477488460372 -0.02529633186193306
0.02814755031690803 -0.025997211082767566
0.027201034586084482 -0.024675098217568556
0.026420147406965345 -0.024891890281599358
0.02714135093178999 -0.02536082291296585
0.027188936372262922 -0.02466055724867758
0.027878603971340985 -0.024887737310020062
0.02984529036195074 -0.023873165958664653
0.030652271648584747 -0.025027391772322525
0.02882113775677352 -0.02216096191248654
0.02766360361555231 -0.0238077066461693
0.026358354036288927 -0.025061942859823803
0.026343889654853517 -0.024134037029644593
0.026624771707139516 -0.023610576101412737
0.02820492198148734 -0.023753207859293943
0.028990976134485775 -0.02351317172836612
0.028732046503421937 -0.023393370501311215
0.02865165501588304 -0.02373150625782786
0.0283289678454192 -0.02396910172185621
0.027864140818623474 -0.024063200689110418
0.02850046763710162 -0.02286861049028913
0.026548612223328157 -0.02373415673725957
0.025633902806927743 -0.023602233626604217
0.025500668771665454 -0.024332214724011068
0.024259044145376746 -0.022758803685125204
0.027926075292395058 -0.023170622308961195
0.028810759122433176 -0.023752449199219403
0.03017574091055505 -0.023908497748139666
0.03020119088470698 -0.02302807357745332
0.029548352604600054 -0.0243411216961498
0.028594043910130467 -0.022410449588494284
0.02655340349011073 -0.02398300279458424
0.029301235926308584 -0.023231716893361818
0.02780395927687172 -0.024346971292074335
0.027552143631443097 -0.023767034299314625
0.028130748151187653 -0.02467754029306438
0.0265192076715107 -0.02362727802969825
0.02900921000847335 -0.024516544694417806
0.027761186207002433 -0.023398998782795197
0.028319262714205522 -0.02369959225162058
0.02644557305108219 -0.02492679625643038
0.025191301991295403 -0.024120457749247346
0.02467882933092754 -0.024367247723355665
0.02600718290854252 -0.02409273471570098
0.02658749162350933 -0.02372004634125394
0.02702429946296221 -0.024195694673283117
0.030479387050762263 -0.024571257806323552
0.03276160433561702 -0.023645471477562272
0.033654347986018435 -0.02310924942727469
0.03130702966156841 -0.02419350425604064
0.02994244213448947 -0.024416245744591367
0.02996424915623473 -0.023412956572578057
0.02798474722009323 -0.024655404220655295
0.028667412587628564 -0.024296787234027204
0.02951872222259667 -0.02442367237510393
0.02815835052639973 -0.023819210409401968
0.026243527445845276 -0.025439611579740205
0.026657592667845304 -0.02403124329705134
0.025576453950440507 -0.024533130028959547
0.028004049393007147 -0.024276472097186672
0.02884495684167505 -0.024332929275154878
0.03067560848771245 -0.023723366323451765
0.028925401638561266 -0.023978650188243997
0.027646827918095796 -0.023890158848406427
0.02806585459156297 -0.024863198341716273
0.025065163222400728 -0.02353849029292435
0.023274864407141955 -0.024706040665458038
0.02682092398456096 -0.023725599400355377
0.028658779743062513 -0.024866443505427136
0.02949171784724749 -0.022555200362315096
0.028490457391410703 -0.024492311948381116
0.027147723816693534 -0.02524392165858805
0.026404758446174684 -0.02381172417722047
0.026158739461755547 -0.024387180181684207
0.026269348160399723 -0.024033430037685242
0.025662328038206433 -0.025022343024795366
0.02769730814984187 -0.02359137296419148
0.027721253057729486 -0.023970990284186287
0.026981506408504028 -0.025192645953529023
0.027381373604966935 -0.02420866631220767
0.02824513887911787 -0.024861793525328833
0.027266686067123947 -0.024988112973095587
0.02846709905627289 -0.024020685875576073
0.027780123763128207 -0.024571202243885124
0.027887009042528676 -0.024893865519127787
0.026356536079368328 -0.0254062264309152
0.027072089727502423 -0.024272535531503468
0.024920882552937066 -0.024381067349651207
0.02678902273655683 -0.0254264089642762
0.025631510342705627 -0.02369613194229395
0.02757404694256135 -0.024776865559312387
0.028012590965532633 -0.024841195999190355
0.02529839924133755 -0.023788381439825455
0.02721733660479222 -0.023465054424249208
0.028209285367018524 -0.026302607114470553
0.03066446185194373 -0.024164537648562665
0.03149228884768812 -0.02522746426978165
0.03264585707460749 -0.0250082787117987
0.03617338443368829 -0.023384619993471998
0.036333387774860136 -0.02474923940848742
0.033602840617305285 -0.024657060593262368
0.031229949599128042 -0.02383196428683124
0.029439553357834828 -0.025026747686421023
0.02559034503559252 -0.024785142610205067
0.024970023782030674 -0.02410258647888378
0.0244502721317824 -0.026310734360939034
0.02453615039671647 -0.023061224267541012
0.02532939930552092 -0.02470369414976473
0.025412419317027115 -0.02416955430432813
0.024677170436072385 -0.02502614107736448
0.02513033085317343 -0.02333662176843013
0.026059844041852378 -0.025922560136201676
0.027160604872071576 -0.02462542896808476
0.0260284325010753 -0.02321586594942907
0.028116795824047903 -0.02424092409815762
0.027659150364360962 -0.024396463983093173
0.02807806803867623 -0.023718259859545596
0.028243797716389785 -0.02412804420454576
0.029643880257345042 -0.024358322309677525
0.028297351798758846 -0.02395729733680699
0.030575091176561094 -0.024410238996077003
0.028551350871841328 -0.024516984700944353
0.029268584585375696 -0.024440892081861985
0.027914524525295536 -0.025147878327252546
0.028364233499331846 -0.02377457411058573
0.02669620111354087 -0.023390038090300744
0.027323148291017337 -0.02328606268184855
0.026229926693599363 -0.02480223719811295
0.027464664928865127 -0.024493091640891005
0.028516629426177966 -0.02377171206279208
0.02758658357578751 -0.02529442842102506
0.02840263676341333 -0.025203431929747198
0.026558138738753855 -0.024454636537009775
0.029531308608883335 -0.02379240120668061
0.02855343836804938 -0.025016565811855105
0.026748370558000566 -0.02448760004352993
0.027431282278406004 -0.02428675673181172
0.027951854641559835 -0.02442572075158925
0.028252999647806556 -0.025009275850260946
0.027971495554975533 -0.024745558635910245
0.028887717397767906 -0.02444053139604455
0.027669697097080895 -0.02462422596238126
0.028450770434231953 -0.024509220501374194
0.02761773422880048 -0.02499800824607837
0.02859888871131128 -0.023573998637723057
0.027585795464418212 -0.025723540216438887
0.0284735924607972 -0.023732742530234305
0.027955619696451214 -0.02434275119744703
0.027507369390153805 -0.024908051847058386
0.027334516571964364 -0.024351244043321594
0.0267743030524162 -0.023861092254188896
0.02805201618903989 -0.023687597539650027
0.027646782771493513 -0.023848638827135536
0.027357840487283697 -0.025413203614596456
0.02916300629458721 -0.023952547242292375
0.028853261545640305 -0.02340345075500142
0.02911021280792742 -0.024082403039430243
0.027932634867806134 -0.02351357561325743
0.028568235040987506 -0.02591307988896688
0.028040567463415194 -0.02369230817504356
0.027541750964896573 -0.02420298026470394
0.028974158471867555 -0.02365686394419789
0.02792985818894086 -0.023699513636239265
0.02775617691525385 -0.023858842629030073
0.02713309461432376 -0.024398916303324945
0.02857970685533696 -0.024497269930886998
0.025936356159085242 -0.024292653139422114
0.027335190576281327 -0.023467829980185182
0.026056535848442395 -0.023812211721387953
0.027288043577559113 -0.02421903642222104
0.02740427729891434 -0.024517200311711593
0.027790580827264866 -0.023472015261034405
0.027763841978202367 -0.023991729120134395
0.027128269960146088 -0.023581659467714098
0.028472984547136013 -0.024475191060384014
0.028473282351671545 -0.02425477944746349
0.02874256245069091 -0.02401614621543516
0.028202373300081306 -0.024557263984004627
0.028765378434401415 -0.024347385377966355
0.028911082735732684 -0.025459753055453036
0.029067778839615994 -0.02442761811020525
0.027958336913649188 -0.024515693516471013
0.027540506056535 -0.026003478668604117
0.027796647231873087 -0.023482247788569475
0.025657546721018495 -0.02469273151206045
0.029185540315423236 -0.025065611590378043
0.026552021062078084 -0.02312797112070045
0.027404779204446488 -0.02493521967707649
0.02605927373400097 -0.025485135346039054
0.026546724073136945 -0.024252833132277805
0.02744216402126053 -0.023249784591044906
0.027494574144992675 -0.024432106064173485
0.02836912403356252 -0.025245799022161983
0.02843714067762394 -0.024627225524537253
0.028375265036436847 -0.023883376272286348
0.028929428409745227 -0.02488088804713254
0.028779070661950106 -0.023313842195843457
0.028515446926149695 -0.02483428788169254
0.02694742438807943 -0.02546733043393926
0.029762849465723055 -0.023422224184119354
0.026438583796138112 -0.025342594182700604
0.027844271202761586 -0.02494376020630965
0.028080524573722673 -0.024691066945858462
0.027281674246866488 -0.022660668111472746
0.02773324153140642 -0.02444655517017161
0.028957515129593586 -0.025593445013997438
0.028559380589469673 -0.024020544413094345
0.02927087991537884 -0.02204620658939541
0.026534422325968084 -0.02545907581696708
0.02795820632125511 -0.024638668861903166
0.028039862594032055 -0.025812194072630166
0.02894691008743928 -0.023715680494000444
0.027519010380715855 -0.02419424235295845
0.028949823482997492 -0.023654956601020936
0.02654391036162267 -0.024904530849275495
0.026910894872833522 -0.025177070298633395
0.02787754348827327 -0.023264314056387545
0.02890226766917074 -0.023043808875970826
0.02695961514714514 -0.025768251925576444
0.027726307779811405 -0.023903520854006186
0.02731529150532098 -0.023957819621439867
0.02696729490481262 -0.024828874493622286
0.027662050884464735 -0.022201186816381422
0.02793139015888255 -0.025381810203048336
0.02785951053111468 -0.024795250819638102
0.02844664002498189 -0.02427650137920837
0.026687651155776055 -0.023948246224707846
0.026283160088286104 -0.025220419059263786
0.028415581267333703 -0.023453720491038808
0.027315244351090093 -0.025053297432577257
0.027060877717267336 -0.02498222924164176
0.026489925924200453 -0.02329176734798225
0.026548142715618794 -0.025731363439381903
0.02729289562814972 -0.024776970232750304
0.026533700027469197 -0.02432033521305169
0.02804950332201506 -0.02416739696289597
0.028993399796890838 -0.02614702754034862
0.031423874731887805 -0.025906660837721227
0.02939100338532796 -0.024944320542438256
0.03002696681296697 -0.02439460326716739
0.02991768520139509 -0.024685470262211937
0.030016343868916908 -0.025230466933151372
0.029969416476494214 -0.024751886027378354
0.029554407541103934 -0.025941619607345232
0.029648060050694428 -0.025058584590095054
0.029881275413722774 -0.024839014326920626
0.03022306915809687 -0.024350799092056428
0.02959664112569726 -0.024703134133229363
0.02878305067554889 -0.024760702505989527
0.027531277509498114 -0.024141944702992277
0.027061452256680777 -0.024682736240795564
0.027770698740994377 -0.024564000501014403
0.028078503575562404 -0.02374945269323184
