0.008234583081802731 -0.041185488512206915
0.008234583081802731 -0.041185488512206915
0.008234583081802731 -0.041185488512206915
0.008234583081802731 -0.041185488512206915
0.008234583081802731 -0.041185488512206915
0.006081695816256061 -0.04195014423624042
0.007977869928955203 -0.039280858162182165
0.009998433272083556 -0.034218195458074675
0.00792836612960825 -0.039439816851640754
0.005672388607223161 -0.04614515964752706
0.014865648415924344 -0.024813074375812573
0.004212014443767998 -0.05505203195586004
0.010495530493847367 -0.03752357642824442
0.011036521407376756 -0.036702696653679624
0.010291361603503356 -0.03748964721255541
0.008776004849812584 -0.038789772704297155
0.0037485038541003445 -0.040466162949341
0.006265142769261867 -0.04439807073745337
0.0022293160714949856 -0.05368882176572496
0.009713452789070395 -0.04010313989623857
0.007870536277225754 -0.037920300962515065
0.008920768169833697 -0.040720792005763486
0.006220750621970892 -0.03768027736107069
0.009015243739397416 -0.05551617030351739
0.007548862021152264 -0.03693000813963774
0.01038493246205805 -0.04091261579263581
0.008310589820403405 -0.04055959258225237
0.006468800029697519 -0.0470153511186717
0.007406089974285251 -0.040920420134363346
0.00867827844622492 -0.040404022510996264
0.007913895111880367 -0.0420591491549158
0.005848288802228492 -0.043395058928404874
0.008637911439082404 -0.03897733149045932
0.0074392649448444224 -0.04298094543565354
0.008497120408090506 -0.03986465621457456
0.006586665682823959 -0.04161425251468762
0.0096026685351085 -0.03825622518007108
0.007609878920805006 -0.04193967807390051
0.007480441275510317 -0.0426439108142451
0.00938574542416362 -0.03857983163535159
0.009685952198624273 -0.03936087610727499
0.00802502383088604 -0.04165335168464577
0.008950851667065952 -0.039741779472725704
0.006186223595210958 -0.043447491918436644
0.00840960501319674 -0.040220930062117
0.009247323037528501 -0.03883879614544503
0.006195081570817308 -0.04221370022405855
0.010179141206213096 -0.03941870377751353
0.009128130361714148 -0.03937115521058863
0.007249840999173685 -0.042256934777782564
0.008716430807274213 -0.03888915721725803
0.009032243441538771 -0.03821415722609831
0.008808585578194831 -0.03843171979785962
0.0072638061175090834 -0.039560421902400146
0.009097267651223316 -0.03962732877934181
0.008459222696284092 -0.04054000492084995
0.007738927991148448 -0.03984117862116652
0.007908743802409156 -0.037646014424456566
0.007541254545200823 -0.04142608582765093
0.0063864729961339885 -0.03946802783968104
0.009408332509265883 -0.038278501135231104
0.0073919004503767115 -0.03955500941102128
0.007781039083557449 -0.03966987836466893
0.010574864869913185 -0.03954975272934711
0.00892745782850853 -0.039491694369543785
0.008052577439922538 -0.03769392118679991
0.008463812753702386 -0.04029856942930297
0.008229904563438334 -0.038946754961192355
0.007732133429277529 -0.038191104199363425
0.007065941719258721 -0.040079925457039624
0.007506948843218234 -0.04048599481478841
0.008506254053630022 -0.0396179844327351
0.009209549150966901 -0.037353581702076234
0.007615715234639924 -0.04134880225350666
0.008826666698603635 -0.03856691499107876
0.009366899799100948 -0.03937216756780868
0.007938079035661055 -0.03946918368620842
0.0074488888472598325 -0.03720255910741497
0.008910764909005086 -0.04205027310253027
0.010327674300083257 -0.03803975551726733
0.008334957215744721 -0.04159664940188421
0.009261168195219006 -0.04012728832825572
0.008497823769099768 -0.039255365164277724
0.007726652247560764 -0.037745302593306086
0.009082077188855104 -0.03941421247459107
0.009301376443176938 -0.03996789688079614
0.00749208233921464 -0.04303951526228176
0.009397534064741237 -0.03963621506417623
0.008929531025008089 -0.03928656639913639
0.006990369224808866 -0.040192608960293065
0.009212470071070329 -0.040066732990677846
0.008085228219266966 -0.04051970840958894
0.007863755093215314 -0.04060280367585476
0.00828339243204513 -0.04108167909332192
0.009436843322274268 -0.04160891595258873
0.008516531598762547 -0.041360900220131815
0.010260967588870509 -0.040214009110909534
0.0074785415212541215 -0.0419212333384966
0.006503913630887155 -0.041485805371140196
0.007762512424298033 -0.041954692895330915
0.010544156899002356 -0.043015091131563855
0.007563200365902845 -0.041391656213210816
0.007593307074105694 -0.04314835374249568
0.004348838296931449 -0.043734942114947974
0.010770840626993168 -0.043322423958890945
0.007942039908862608 -0.04430392223896338
0.008925470528063034 -0.04294030008327752
0.008498845762386374 -0.04249047901592971
0.010205773781994295 -0.04284962955920444
0.00778745757459658 -0.045080383947416515
0.006902384821288691 -0.04105795143886624
0.008559162060846611 -0.04351411229697375
0.009279384552809229 -0.04246601876179976
0.007789503054809306 -0.04459501521741591
0.011238570862399029 -0.04450775834544161
0.010149631496866414 -0.042408176599670645
0.00818052426840708 -0.04443401681980317
0.009405557990844337 -0.04306554269925964
0.005247768966575941 -0.044127396523845765
0.0077820008672386705 -0.043348838805835156
0.005870039528208037 -0.04311337425368487
0.009748996695214915 -0.04293867764463897
0.008107424742064346 -0.04333846689636476
0.007563542881363527 -0.043725665493141254
0.007432716425218193 -0.04267921476100731
0.009598740168424364 -0.043128702721883384
0.008226589313878398 -0.04280519357368349
0.007555839352601387 -0.04211107566162895
0.00875575214318428 -0.04243080542224773
0.008540920871055579 -0.04230561018316379
0.008128633163922216 -0.04207159607559039
0.009020382063242 -0.041894788129657835
0.008268967747457025 -0.04160534025369531
0.007130276735246518 -0.04122827768022883
0.00878256424705203 -0.04124395383724464
0.006977701397469387 -0.04430274083179773
0.008337124932385132 -0.042295798735739056
0.009061002691697897 -0.04161712431951423
0.008428715983554245 -0.04231787999620138
0.009916448332865048 -0.04214987663954293
0.008373015901025058 -0.040937809800047444
0.008828604918607852 -0.04360691741358844
0.00808086603606126 -0.04031579154989482
0.00839108182296806 -0.04220028177787969
0.00623434075365855 -0.04055961914025439
0.007477727113817969 -0.041398782563217364
0.009456070848820842 -0.04176122939681013
0.007869116429776182 -0.041602300146836614
0.008287029845308502 -0.04200018007208393
0.008862254701411955 -0.04203541827472488
0.008549824430213501 -0.04210653373645077
0.00904265030470616 -0.03999878272163702
0.00702749676100671 -0.04179192645693306
0.007798661243064518 -0.041998919655715984
0.00887754693752076 -0.04021716967319231
0.009188032227949587 -0.04131691819387615
0.009859474041501467 -0.04132649777098372
0.010243208220260506 -0.04200272978087247
0.010235308947083325 -0.042144555883993885
0.010326372102126618 -0.03965849293544552
0.0077527985246736986 -0.042452865242983175
0.008174595617963586 -0.041232370417224364
0.00831262211081682 -0.04251344257277998
0.00598820834415207 -0.041533042055848825
0.00914477260301561 -0.03941047645162563
0.007882280885672437 -0.04247303577686854
0.008182541615359053 -0.04108296030260237
0.009325360550174707 -0.0412343436271174
0.00825135515779549 -0.04071255494979662
0.00891078078563679 -0.04061298224754515
0.00826523061054062 -0.04241110149712266
0.00749368096808152 -0.041220297878952185
0.007702580320754236 -0.040892154442432306
0.007612866681173523 -0.04053644276232624
0.009894804632710604 -0.041653834830400284
0.008062393249565467 -0.04168787749415002
0.008211747751646674 -0.04118205894644953
0.007524604822194452 -0.04190657594319467
0.0072269377253367795 -0.040950133321870454
0.006545913621114868 -0.041785600217137266
0.007307027587578254 -0.04156866882465591
0.009726337931952605 -0.04188850085852256
0.008093785548595606 -0.04097924465399825
0.010439398889190944 -0.042845714498237465
0.011212825555781033 -0.04160284896561637
0.010281133395591125 -0.04199925283224968
0.00986407767243285 -0.04197278614814113
0.009373852753983869 -0.04237105292189101
0.007734877579256127 -0.04042918607357391
0.006552124534999492 -0.0414167823086413
0.005537441741798661 -0.04232176014958531
0.009137509452084884 -0.042676478650510476
0.007632869545711497 -0.04147173813945957
0.011542611942694054 -0.04121585905276446
0.009530009724743443 -0.042616762797712295
0.00687955801498745 -0.04221817009946436
0.007556419543661413 -0.04311401178303773
0.009422642794749301 -0.04157980385512026
0.008038087810085557 -0.04242605721532187
0.005827562949392698 -0.04275928677946748
0.008012083682139928 -0.04138234185339693
0.007278032604972413 -0.04143879962194983
0.008737155629684105 -0.04294561368576575
0.007606141338149002 -0.04174006433027342
0.008212582576146987 -0.043046856773561105
0.008689363510986627 -0.042177999586106664
0.00980658204693356 -0.042011887782108716
0.00765304246466314 -0.04215833975077896
0.0076422547586344584 -0.04247647968840094
0.007744260539280238 -0.041412717941783785
0.0071269690219151055 -0.04205754058817444
0.007157378768852699 -0.041773843921834676
0.007989808431745696 -0.042817078127937315
0.008404409707358375 -0.04184459943053052
0.009591650375978663 -0.04090802286018989
0.008155363290530761 -0.04221085302973868
0.009380128365954461 -0.04191891886659336
0.008702437674431521 -0.04262157425126232
0.009192268989462528 -0.041672317399288984
0.0076663896826969224 -0.041558962786125454
0.008918312907075945 -0.04176786238259143
0.008979933361239248 -0.04088905241079142
0.006961432401373615 -0.04177263272319063
0.008894207009165675 -0.040240757977414866
0.008088144845086642 -0.04365233778545006
0.008769600944088565 -0.041962121458444
0.007636927677500717 -0.04106537976100897
0.008679591446822992 -0.04103196219010206
0.007857894622705055 -0.04153266825438771
0.007393962875873135 -0.0414244565258852
0.007706312501859037 -0.04172317339795171
0.00885322731256817 -0.041968566282351884
0.008611439095990724 -0.041238044015605914
0.008712079983875166 -0.0419370299321151
0.008678224386084888 -0.04124029812020356
0.008421581307041754 -0.04105406438943635
0.008490840871353027 -0.041130224215943235
0.007757878930122419 -0.04092032681627875
0.008170635585142711 -0.04160737000645363
0.007651093697336041 -0.04179986571652126
0.007603714315706226 -0.041601165418254184
0.007124236541644652 -0.04136743984583411
0.0075825249072890705 -0.04206138610382457
0.008203714398866534 -0.04224203612043762
0.007542831586400588 -0.04237510083924565
0.008016967781255564 -0.039275529532785326
0.008606409817611335 -0.04198580201357125
0.00711486045421 -0.042681108202885266
0.010016793028310612 -0.0407017516511101
0.00905134306779679 -0.04077183350532663
0.008314798886598185 -0.041039517031037566
0.009184073227051939 -0.04198764231306582
0.006711176347136822 -0.04004500642097273
0.007350758805245675 -0.04192727028893704
0.006716142093252626 -0.04004281135447194
0.00728577829574668 -0.04111379097915633
0.007965726256094836 -0.03928381190696071
0.010489208990979505 -0.040626291925467385
0.007957839015568995 -0.04005394622973333
0.01177224715794487 -0.04290159024679616
0.009787105798601472 -0.03849995398110593
0.009352648081929904 -0.041017379480190665
0.00641623424347431 -0.04066441821927678
0.007398603303297412 -0.03967406319894804
0.00785762994946956 -0.04077710083166728
0.008917102330213115 -0.039104884803361696
0.005625010941638604 -0.03987185268696323
0.008769580282142133 -0.040148721622444296
0.009228790538496538 -0.040948759356421484
0.008056767708292403 -0.04049700078052052
0.009163333729127856 -0.0397487879557936
0.009790062490809824 -0.040238427858986216
0.008539474242810666 -0.0416921477887495
0.008707339889224942 -0.0379117690386108
0.007381630169547154 -0.04100418864381548
0.006699245992297442 -0.03947351484661408
0.006871191479341676 -0.04071807434121786
0.006950767463815573 -0.04086231085548928
0.008051432654151792 -0.040623225470433934
0.010833641116406048 -0.039837861471585724
0.008344516828716564 -0.0396433176581956
0.007945048130378086 -0.04014653445823766
0.007349673867975116 -0.03982951379767694
0.007576812466163214 -0.04097055256669611
0.0075304234856080066 -0.04104648097184891
0.008499344075583174 -0.03898739234590185
0.007274912857722814 -0.03967041912696787
0.008195016973005741 -0.04074261322776616
0.009890055196592978 -0.04010646863027876
0.00857249364598511 -0.04101616101541492
0.007173997437142747 -0.041061046855738616
0.0075374855560489985 -0.03947613508343848
0.007020158096939105 -0.040973184823937615
0.008059551033185636 -0.0402694342803591
0.009662401780186574 -0.04066237964345507
0.008976082577232381 -0.041246520708325886
0.010746662543936502 -0.039593137862541795
0.009723012772848106 -0.040850355438261966
0.007991706319839025 -0.03978584579002018
0.008728023214421583 -0.04239272021046545
0.007511030166677458 -0.04070363122035479
0.007968019062640483 -0.040644916032482416
0.008422341769470269 -0.040907949753640184
0.008128408861945303 -0.040751268876332715
0.00882231657154006 -0.040844909222719196
0.006336507054161517 -0.043538650447726625
0.008254118041585743 -0.041292642255601676
0.007193841511267965 -0.041528115617419405
0.00964567126284138 -0.03991981569758705
0.008037192534149872 -0.042360408069764134
0.007200491567996445 -0.04132353696677991
0.007472833131503688 -0.0425973761737257
0.00725481152393424 -0.04215007226641385
0.007740371325042392 -0.04146109968014831
0.008361776185715531 -0.041303754452977494
0.008718688281901772 -0.04080688888124737
0.008630100034446687 -0.0417729073008861
0.00999370195583294 -0.042058160442756766
0.008339001461929018 -0.04118439388701332
0.007193768253185209 -0.04097089825279319
0.009355574928031301 -0.04108548749955319
0.007769271302063986 -0.04001073208151349
0.00841144411677347 -0.04383515090123156
0.00821016457829303 -0.0401873756507398
0.006401462521923473 -0.04173015575732462
0.008959323165373302 -0.04102211245827923
0.008894880478055053 -0.04082487146245881
0.009432962268980034 -0.04078888183331373
0.009480477934802408 -0.0425722342318031
0.008727669560165015 -0.04158754951946995
0.007600963377930443 -0.04050393174049647
0.008503188255994693 -0.04153797090718412
0.007859272997353152 -0.04073304601851111
0.0072897014157810025 -0.04117127621054937
0.005940132004731962 -0.04184009130031272
0.006585787733497345 -0.041440661226445054
0.008516996319602291 -0.041453092095470746
0.008694411714170559 -0.040393209784504315
0.009356057084718558 -0.04062159757059922
0.01032552920162137 -0.04193673274281282
0.008265336780792179 -0.04134570143432279
0.009816207031031947 -0.04023673393926617
0.006060169713534954 -0.04196130877491131
0.008569583451299292 -0.04049551377152547
0.009233187645750344 -0.041230189193526036
0.007404984629853527 -0.04026776730152746
0.008131603838529369 -0.041984039932957386
0.007214516853944749 -0.04067722121900295
0.007367701057144044 -0.04161703089345157
0.00832709276783962 -0.041318875520868416
0.0055566723209223914 -0.04204315081334584
0.007426070376855377 -0.04030672103525055
0.010407117634341876 -0.0396749463674839
0.008992287982878674 -0.04277503014492632
0.009956995100274936 -0.041048477471877544
0.009376805675148389 -0.04075634255564895
0.00944393275043257 -0.04012563882825735
0.007980489366939413 -0.04201930642096816
0.00820275823785667 -0.04102459787894162
0.008061186625170708 -0.0414704762134148
0.00823906084686507 -0.041247949276447905
0.008494351379327844 -0.04108776045364968
0.008462451377472546 -0.0413111077174084
0.00945719591658879 -0.040310728816794074
0.007665463477068656 -0.04136631758885632
0.007324257832404809 -0.04122773361324492
0.005927639293141704 -0.04031560286066924
0.006440530710064243 -0.04145894441321916
0.005730401013348679 -0.040184501969821686
0.008411647052773707 -0.04116705969781529
0.01076564097835484 -0.038857148848201
0.009725904873266437 -0.04063691069518314
0.008360070591032675 -0.042574556695749145
0.008901648029904575 -0.039730773491453354
0.00897075742582761 -0.0407785373024647
0.008226038233789954 -0.041220910867393525
0.007553314425538946 -0.04105910205552952
0.008636243003607158 -0.040480642710257066
0.008257668914448877 -0.041159415329207395
0.008211008128620006 -0.04089039643224444
0.008992740977814445 -0.04001316878187187
0.00902571224536875 -0.04071704803687213
0.007941097131615567 -0.04168925003413213
0.007432199100133121 -0.040695590577997744
0.00672406852679697 -0.04081614679957755
0.008376268606961945 -0.04101556330635712
0.006710924265040691 -0.041549076220703786
0.007433922095964884 -0.04067566305830115
0.008484866734372723 -0.0406505165677473
0.008848314241505643 -0.04207600105761109
0.00962263933159018 -0.04193827115603608
0.009471106709749334 -0.0409574230874856
0.009850055977307237 -0.04132459872268799
0.007982933792556567 -0.04128028725287878
0.008498808782841299 -0.041184035117389085
0.007997848264240326 -0.041195539138041394
0.007656609846996773 -0.041436370437079685
0.0061745352069425 -0.04156905187486546
0.006512150046959937 -0.04124667125211399
0.007307355891018531 -0.04057764421248675
0.007541006943403792 -0.041531494013363514
0.007662338281909573 -0.040782572420469766
0.00836801763574202 -0.04100783682699125
0.009700204874823799 -0.04067748287057713
0.007933591749371385 -0.04096201154782839
0.007830765537188703 -0.04155315706289995
0.01029962765390023 -0.040039396233271886
0.007219694679711494 -0.0422429677820819
0.008265518252699142 -0.04050150342310952
0.007611958834200735 -0.041365684413980676
0.00814277299299512 -0.041176948901337586
0.008894405719468547 -0.040306965425995524
0.00782326145490431 -0.04106083892952748
0.007283939667355185 -0.04170787537322138
0.009776397923493245 -0.04041037804176637
0.007982560959750307 -0.041507845756511653
0.00818624185350397 -0.04069992490566874
0.008116594107598612 -0.0423248911452325
0.0072852491666999045 -0.04085084524933567
0.007627273844555266 -0.040558840506625705
0.007901123590543315 -0.040763808031436956
0.007913114827876731 -0.04210329536687294
0.007926653029611049 -0.0408015444333911
0.0075626603170953835 -0.041042781730902235
0.006825729348698635 -0.041339070738186635
0.007143339746325032 -0.04152438934232847
0.007537151242529027 -0.040884160299557305
0.008649771330153502 -0.04150553169339475
0.009244708949913734 -0.041454196710818604
0.010236291429314244 -0.04222527124730611
0.010081123842205489 -0.04135871093130181
0.009223885248824724 -0.041312651003050795
0.00877769798498895 -0.04145870687191431
0.008684400395427241 -0.041713587441482215
0.009377730049805499 -0.04099999095876836
0.007949362781767094 -0.04272227870971033
0.00877170010783254 -0.042256677050260795
0.007330576845053078 -0.04126567749752994
0.00701564455163645 -0.04054224333821741
0.005629918004476452 -0.04238667278793116
0.008225177242737691 -0.04047356098613462
0.00758477933188768 -0.04135962838983052
0.008179575816766461 -0.041257817515598184
0.01059742850447967 -0.04057047879286888
0.010535252250829038 -0.04101802824252785
0.010177052605504213 -0.04139566705494666
0.008704857188955552 -0.04123560806892155
0.007822685123168294 -0.041464932226478825
0.006714775056304172 -0.040854845897009696
0.006601606915884468 -0.04105323484979893
0.005918951518162369 -0.041681191836229405
0.007490143411721162 -0.04064011440523128
0.009052960101923307 -0.04086475319505165
0.00894532676701852 -0.04131360701527618
0.010655468978489005 -0.03998947495293035
0.008275936615130045 -0.04114459785622857
0.007131296265682312 -0.040916362098648996
0.007569493760591038 -0.0413724354019098
0.007265058924961064 -0.040837497441755556
0.009293010374918321 -0.03998424394890041
0.007992274573547616 -0.04115866048212256
0.007589232312814172 -0.04104713744390851
0.009115880652483052 -0.041252645140258816
0.0083940350655899 -0.04080546397731031
0.006958863000469686 -0.04165677052451076
0.008685658717521992 -0.04060118950751088
0.00854141654075884 -0.04153669646096667
0.008197519514181406 -0.04140381733062035
0.008263723826887968 -0.04069660397765016
0.00753347853098163 -0.042544170454027676
0.007982278086708573 -0.0408967112586258
0.0076685521435595205 -0.040288101701725566
0.008237526795484545 -0.04012359906194616
0.008009690055596905 -0.039753079057800435
0.0077189904318638695 -0.041582840020961444
0.008542525915494488 -0.042870351036683886
0.007966122570820623 -0.04136942082707982
0.009620759761322746 -0.04055968657492091
0.008432937144745474 -0.041868527141211566
0.008257547628984382 -0.040570882970356804
0.00690823601833649 -0.04123088752265789
0.008582894924361133 -0.04098244367356261
0.007110312036327924 -0.04222454393294137
0.008765655530650283 -0.04073728507499628
0.007681235904469834 -0.04152897943192755
0.008322626547220966 -0.04139744500804896
0.007972745150508949 -0.041779615501902546
0.008319646871375742 -0.0406766145370254
0.007386435901090182 -0.04194927762743792
0.007652634008085902 -0.041058432742735664
0.0081095396405379 -0.04163440332051958
0.008707767669361682 -0.04134354978144226
0.009651023618778681 -0.041795669946823356
0.009933262057457494 -0.041262621220097696
0.008489801673911196 -0.04101303690028011
0.008578195643265049 -0.0404596184890029
0.008453600284622071 -0.04312984884141289
0.007589285601157854 -0.0409459528456859
0.007748273167003935 -0.04171887014187934
0.008025409347220354 -0.041230627881879235
0.008038830533273759 -0.040580675792986944
0.008717619263115973 -0.04105554244825436
0.008544864110757933 -0.041345581516551745
0.0075483262988578735 -0.04162203203577717
0.007471591785046021 -0.04108238809710627
0.00799324680983356 -0.040645644847354424
0.00850705607818722 -0.040975123710657015
0.008638246945388187 -0.041051990532502615
0.008475373420806214 -0.04156940737539159
0.008233499221490286 -0.04055195706525148
0.008612191558163507 -0.04026926264200668
0.006206760879097294 -0.041472231409908945
0.007824292509445371 -0.04062252531982378
0.0074263035892231655 -0.04060105593157302
0.00784307317115946 -0.042312880145251454
0.008088509232949185 -0.04112123545802813
0.00933863813303657 -0.040376987240471764
0.009187628068765266 -0.04168818880808243
0.008488050004306084 -0.03991455013269383
0.00832152267584883 -0.04269526593361792
0.006674546025249813 -0.040159266298224174
0.009767697764835178 -0.03902922645013016
0.010970661396474393 -0.03869343717877769
0.0076787396264212104 -0.04218666397693236
0.011227815086610275 -0.03783569847662369
0.010898855195710223 -0.038923884192494575
0.006744798800875817 -0.03963396994870314
0.005523289079712411 -0.04800773292886327
0.008658598648626399 -0.0405192826834073
0.00995985173210148 -0.03966132426217082
0.00922424954700731 -0.041234929208078454
0.008695886144386732 -0.04206661447765934
0.008352776874222818 -0.041506205057815417
0.008635747331726895 -0.041451620940832413
0.008423136085156973 -0.039725453358479414
0.008099329893410376 -0.04116446454094389
0.008839726625314221 -0.039891154800785845
0.00943414175583379 -0.04119464641103907
0.008598353036308987 -0.04146767709545605
0.005246871368230821 -0.04455129817102919
0.009489715779224561 -0.04358151838030542
0.00887455535204052 -0.0423347877857436
0.006474523709054998 -0.043356012029185355
0.00796425869245269 -0.04162687695411058
0.0073179207784181965 -0.04339558277913789
0.00879234528474882 -0.03970691769109578
0.00942373411040275 -0.042061752187546354
0.010255208324834 -0.040474046805476706
0.00870677627727139 -0.0418659376038115
0.009018401558582028 -0.04170808791239209
0.007132540950738193 -0.041149980224602235
0.006833874747500503 -0.040588290494661707
0.00847074563157451 -0.0433629608863386
0.00852643337513044 -0.0416722585231055
0.008220558504978836 -0.04163805649599415
0.006656569156078856 -0.041602354452828984
0.007224892953062757 -0.04210227436071088
0.005956624841120993 -0.0434879376637227
0.010142929741022646 -0.03884818236741048
0.00984241503595598 -0.039606002739551484
0.008778084715758456 -0.04274301756119534
0.010320360634557461 -0.04195762899357922
0.009238539156209825 -0.03979746028243512
0.008022795842324671 -0.041737750902230066
0.01009150996796603 -0.04457058362673536
0.005523071352935501 -0.03985899389018164
0.007954491796448263 -0.04136831713570464
0.009372356280549053 -0.0407175563308648
0.007283866374667644 -0.041197490115079095
0.006446610840226241 -0.04142057877875247
0.006616299636321297 -0.04033567014062942
0.006939666676560985 -0.041926366550273576
0.007441024475441042 -0.04044959287731718
0.0077754605830603375 -0.04145142157544599
0.009904478388809248 -0.04023182640072152
0.010675506556099756 -0.042068265055372735
0.010936793151287266 -0.03988005982167262
0.008758756502777602 -0.04106060429113676
0.008717726445313087 -0.041198268570508324
0.008950564819631286 -0.041966161079244314
0.007764745943074865 -0.04024802991128971
0.00853326502500637 -0.03988372554907824
0.007305282787265343 -0.03961739184783795
0.008116142189332671 -0.041631521474755774
0.007217416456121839 -0.04102479374549548
0.007914686078862022 -0.0408063814926851
0.008870726408844848 -0.0402698225203286
0.008359563027050088 -0.04070220913381049
0.006557172759199759 -0.04167606127392729
0.007372104348118538 -0.04043672960187259
0.008747067322923898 -0.0397781883131638
0.007571156444266872 -0.04161691696686718
0.007491557336396365 -0.040578995570175615
0.00808244942722133 -0.04132306036814113
0.008487334950108182 -0.03998375437706001
0.00843005975905859 -0.041435666794409555
0.0076965500198908875 -0.040408214120904985
0.008493232061494563 -0.041329476982304915
0.007220612260514774 -0.040888885840822266
0.007010435436850534 -0.04092386217952224
0.008401467787333888 -0.03907594697906711
0.006538546621178476 -0.04242835860172354
0.007286688458445642 -0.04117673285884924
0.007551304614047974 -0.041419517195180534
0.009017607454879525 -0.04022242558360787
0.00832209199957212 -0.039561820779500524
0.00839840543833447 -0.04139713518935049
0.008360647822281245 -0.04067922311978476
0.0070008344046329565 -0.04154144926526191
0.008576169195358058 -0.04030528027100486
0.007075245040669156 -0.041135189400632856
0.007774966901988804 -0.04112581047305872
0.009157097631522495 -0.04101424253190198
0.008701308188147419 -0.03967021117815348
0.008030924987429824 -0.04110333099657624
0.008199164106789003 -0.04237731138704224
0.00791610279995366 -0.04049093665715462
0.008249463548633668 -0.04050786006648786
0.008692481431287154 -0.0405499466123904
0.008496213239669086 -0.04108398855051696
0.008424429337053747 -0.04032452393567574
0.00811854526050837 -0.04120150822936972
0.007290674911809642 -0.0413047147667833
0.007071167556349289 -0.040715630520711456
0.007980081559299516 -0.04081168039764969
0.007737202059318597 -0.04183798900131095
0.008956036448332092 -0.03959801119941695
0.009328078161275328 -0.04076630644925048
0.008055604858450735 -0.04279543609988943
0.009128384912963193 -0.04084703289775391
0.008748409959828741 -0.04040144570302193
0.008881753599815986 -0.0407088020089301
0.008069332427309624 -0.040257404052480995
0.00629595867549217 -0.04277883876289799
0.00810642783815902 -0.041556018009443176
0.008526981245866164 -0.04125953600421226
0.009285182977328462 -0.041651494549359326
0.00942328352326991 -0.04129190371877776
0.009180572362408579 -0.04138355351885157
0.009573178167657589 -0.041016418883187834
0.007632998692267405 -0.042398762573703654
0.007574921139325806 -0.04233531840151381
0.00875627706320786 -0.039855086574573685
0.0076182189178346585 -0.04211628043666547
0.00739097036441053 -0.04263833504466306
0.0071576406149147336 -0.041483606832036314
0.006856325173904731 -0.04178424171303916
0.00808699038865211 -0.04132713470964775
0.0085489242025063 -0.04214814545076615
0.008132639149586882 -0.04114356141268891
0.008481394041894116 -0.040389932150792764
0.007700988803158965 -0.04260294850110811
0.0074634452178206565 -0.04092355951074864
0.006060261892751807 -0.04272880611095873
0.00881398026771237 -0.03913315993526754
0.008159321795475318 -0.04252580235933643
0.008000353346894876 -0.04113613904054512
0.009164450418646488 -0.03998962322536557
0.009671436932442911 -0.03983075099885245
0.008423570760706982 -0.041649589347953354
0.008280438496618189 -0.04099865705311554
0.010208935120346504 -0.039002264083835204
0.008485462300427796 -0.04148554636288913
0.010016588305336247 -0.0393990361104841
0.007282168017248455 -0.041216718167544
0.007428923982610868 -0.04057896143882165
0.0069037942225402965 -0.0403219547166662
0.008181368602648058 -0.0391747412419343
0.008069668906120018 -0.039709964133536314
0.009068686163069562 -0.041506585818970466
0.010706211935174346 -0.04047638574617072
0.008747324267247452 -0.040938964380743605
0.010555029784535838 -0.038087482728055934
0.008891629880661741 -0.03962679796314681
0.007371723176824101 -0.03967147735625496
0.005177267763162009 -0.03948254292101614
0.007750621454491711 -0.039260941316112886
0.007107711118979572 -0.04172528355519909
0.006507075567487121 -0.03948806108050527
0.006487062559216387 -0.03929522777689896
0.009225957796948387 -0.03662612015992115
0.00814692576522216 -0.03802245890159115
0.010465588181341605 -0.03747296035909951
0.009749530420614575 -0.0375974727854975
0.007283271820755947 -0.037551571362627524
0.009406862997557509 -0.04058457324060425
0.010653493889092312 -0.033120681821225274
0.0084397235595371 -0.03907275702884359
0.008563112341643586 -0.03720668445137252
0.006176032314729685 -0.03792586772236082
0.008382628967976757 -0.03775272975256148
0.007072039182289817 -0.0368459083588468
0.008717410737120842 -0.035257395922422254
0.008597940533098074 -0.03758626113061168
0.004793622241710108 -0.034943005884341606
0.009785414527987776 -0.036895085012007535
0.007478026620035414 -0.03654867177125707
0.009164775029181746 -0.03583465532159844
0.008041371348936396 -0.03512663068208164
0.008901883262159805 -0.037840639739971295
0.007815742694972441 -0.033787353287028955
0.007805907967047623 -0.03688502407081227
0.010357762232019915 -0.03754410481379387
0.0063043192355963715 -0.03635670330018679
0.00845158123329583 -0.03498721644397438
0.00797686712100253 -0.03545225223477597
0.007764915288302091 -0.036285364000327315
0.008001920873301673 -0.037256477856138594
0.0067063558147823325 -0.035203421499510924
0.010296651221405722 -0.03453746151390156
0.00883181876488035 -0.03569428100286685
0.008085571933444419 -0.03745257378363973
0.007218317437026951 -0.034304388718012314
0.010732217722193368 -0.0364415626339176
0.00473021486375692 -0.03587982426484413
0.0074304870269918215 -0.03535999083257744
0.00739731417797276 -0.03669133320931526
0.007963605364600106 -0.03599258480246623
0.009295836009152144 -0.03528735177255957
0.009716420265931896 -0.03560617029067912
0.008399160118237613 -0.03583934592147096
0.007759799379243197 -0.03502605605253859
0.00820837870604842 -0.03700044177105697
0.007927348992083638 -0.034862352777933904
0.007368284340364028 -0.03552018381718101
0.008387700504799742 -0.03564255709925399
0.007136620920278735 -0.03542522325691786
0.00627517837779305 -0.03628326285766124
0.009301223415428042 -0.03740313313165842
0.00788880524647323 -0.03448439009296409
0.010671324669682207 -0.03610756653394829
0.010504782787400411 -0.03409462407539585
0.005764951443581835 -0.03874281421746593
0.008855819268451337 -0.03625126331324211
0.008976916127702591 -0.03584593136143386
0.008452375771517622 -0.035311810243979315
0.0074135491498264205 -0.03492749016083694
0.008327684308839924 -0.03637152460176727
0.007914953645725795 -0.036924753752242113
0.007176642919051887 -0.03659943810120445
0.009645772641272502 -0.03542984544297332
0.006585383038590915 -0.03912781163058774
0.010038662848518459 -0.037338990685689334
0.008258569673920867 -0.03698392028044226
0.009099119612954175 -0.037481770128960014
0.008124613223861116 -0.039080402393992776
0.00762754876050464 -0.038998371873185424
0.007056824742041487 -0.04023702245402048
0.009321490330316316 -0.036235481018495476
0.007828382308147058 -0.04082815106893654
0.00913317766843554 -0.03742477045825308
0.008753192341182247 -0.03978856823103925
0.008601405202596578 -0.039916956973572205
0.009434400436144524 -0.038127464503580046
0.008656879434183855 -0.040564222504495075
0.0103848930371805 -0.039393313856769675
0.008446352022965134 -0.038749077700139335
0.00857578575366056 -0.040636977571048206
0.008307950293451095 -0.03942824715169178
0.006905242798121273 -0.03959533104146538
0.006306376623139296 -0.04110804771160057
0.006999198572023954 -0.040653618761419465
0.008864896502540747 -0.03964123096582204
0.010190354968822304 -0.03996774505982612
0.009337881684271387 -0.04012190807296976
0.007951861308252851 -0.04185193459803236
0.008738009088087103 -0.03919605985494654
0.006644537580118081 -0.041631389866983094
0.007337148078700617 -0.039870207013549465
0.00691901293138121 -0.04147798508463072
0.007234073673252392 -0.040730775197998816
0.0083249873458623 -0.04150484475530678
0.010920186719739043 -0.04023098081891694
0.00769587548038202 -0.04125842905456232
0.007132427775250635 -0.041442908190464124
0.008481457237732984 -0.041095370910825914
0.006463523359258483 -0.041187785667970524
0.008058344623440482 -0.04107556468876326
0.008234118929194248 -0.041444193027452704
0.00860171462889343 -0.04131397100455667
0.009183338462511534 -0.04175353155279813
0.0082516179437137 -0.04144651421733301
0.008351088660502312 -0.03993707673819522
0.00918649851025882 -0.04213049344381601
0.00973198491648526 -0.03980624095028149
0.00897119459617404 -0.04094994380165227
0.009537460737367892 -0.040709031128165464
0.009046908052983567 -0.039574617733256746
0.008370437480979893 -0.03999739336437667
0.006970805869440794 -0.042167544953649584
0.00787315803943036 -0.03945104380643769
0.010706070637245884 -0.03848751567269624
0.006309421923894044 -0.04193433135233746
0.007762426306468152 -0.039447263726392935
0.00936311143380216 -0.0401069071225004
0.007504438727453419 -0.03970686609731675
0.008111004137541525 -0.03902484747640587
0.007610557875074749 -0.04091141316116873
0.008936941876535686 -0.03776935979248639
0.008315436980036978 -0.04004202448695524
0.00807695205228293 -0.0387589488648181
0.006652030163832669 -0.039883708163708655
0.008111069536389525 -0.038770915005830166
0.007684052340363533 -0.04171239885676246
0.009333022731471524 -0.03900210209726549
0.008350132384084576 -0.03998642966980046
0.009374621572632523 -0.03911064379765559
0.009151563497026434 -0.03856716824804438
0.006173304095249941 -0.039932098575825116
0.008803605976201596 -0.038291752339598896
0.006291889252933558 -0.04039231682120301
0.008263208356645603 -0.04015752354430433
0.008392330440147151 -0.041286116718640666
0.007345205072732109 -0.03734764205940031
0.008281189867739038 -0.04091242089504885
0.009005433354036972 -0.04100589211135961
0.009323199685575745 -0.03977391159746755
0.00979436074696098 -0.041310368247329234
0.009696681894322717 -0.03935478617953734
0.008336465434340166 -0.041016541886933024
0.008477787431449436 -0.04035854284836369
0.006876310996826097 -0.04153481554295755
0.00681258059110644 -0.04097733778173105
0.007823006601554904 -0.04072097721236132
0.007540592647115239 -0.04119408793342647
0.0077266405631592 -0.04243538496780828
0.008725093525441933 -0.04118819058150656
0.01135477961577904 -0.03993474827158681
0.010818250926852657 -0.04194205018365558
0.009337522881388954 -0.041128930404108456
0.008307426826582701 -0.04092226138584507
0.009461655256778367 -0.041666133615463986
0.008240521116912387 -0.04033104517049633
0.007477106039835233 -0.0427560644210063
0.007842322279593809 -0.04139147404892494
0.006358936964590119 -0.04111419033957462
0.009771387129496772 -0.03933564326666337
0.005994278384481376 -0.04452461520255178
0.011020432790778916 -0.03652754389429267
0.0069982285449061155 -0.04278966702854701
0.006845520024936616 -0.04231583803650427
0.0072268286484772 -0.04296099435544052
0.008153038885280357 -0.040564467205594014
0.011006639573990574 -0.03973216895210572
0.00892355316637059 -0.038075649476065655
0.00736034397208301 -0.040333313850200204
0.010359252380314382 -0.04099761909161324
0.004985973478060658 -0.04160328053892679
0.007314628856778541 -0.041817495048461086
0.010603784059080542 -0.038987129456497606
0.008677471643643759 -0.03976221020622004
0.007647847776353214 -0.04192976263637458
0.0059371474347325905 -0.039707386119413914
0.008596754411829895 -0.04121037752883836
0.009364203106050946 -0.04077388041899275
0.008345379765172495 -0.04445340584828126
0.006510728285498927 -0.041032907100503314
0.011941950680733537 -0.038674719409004445
0.00622876395147922 -0.04199608123137686
0.00952915257181317 -0.03847973687072568
0.00591087705232839 -0.04286778534072753
0.008114389190589398 -0.038906380190108815
0.009101570415136878 -0.04032641980988381
0.00941598027870198 -0.04228860807273802
0.005402335530827546 -0.04209189934485178
0.007133765592275514 -0.0399864974661188
0.00996355365377295 -0.0425544448726811
0.007230151112933989 -0.040847713230329076
0.010060442425399751 -0.04140345470009452
0.008464621569466039 -0.0402519380619659
0.007770717288833478 -0.04175092964376723
0.008237144200214545 -0.040985396932222896
0.007613594414796851 -0.04260868841630392
0.009189194334556948 -0.03876191036025032
0.006979613778822641 -0.044003226698606325
0.008398724567380215 -0.03857380933543817
0.007986350260629639 -0.04171894704297328
0.007606608906068457 -0.04221725838677102
0.011034388384463556 -0.040491731291313095
0.00850421076670314 -0.04186061974283126
0.008717376547919539 -0.04252558901587975
0.007495709432040334 -0.04004686735608918
0.011328929497973315 -0.0378228430342644
0.006300662571388428 -0.0448393321576561
0.008052360909795081 -0.04084916538677417
0.009119620963675764 -0.03966625780998043
0.007212281395461043 -0.04273219563616102
0.005468881972276799 -0.04308619992395133
0.008353390636192327 -0.04213527128022363
0.008606028197627943 -0.04026224134481191
0.008256390284614171 -0.04242389091810892
0.00991265194558443 -0.03902790512112795
0.007508956972955772 -0.0433239916047081
0.009006275554470962 -0.04052158304576101
0.009075418049515274 -0.04022033798311651
0.005304594460057602 -0.04487403433265345
0.011479375029410389 -0.03893313653115069
0.007372209808025769 -0.04140330059652928
0.009393276859392263 -0.04260645138580597
0.0073170218531081535 -0.03930346808858729
0.010333510786160153 -0.04072132527502468
0.008973343563957742 -0.041577373497859706
0.006384245198527726 -0.04262908173438238
0.007809105132443921 -0.039713430387037875
0.007643806901468965 -0.04194796849515268
0.009007091263379166 -0.0411216218485899
0.008406476795828653 -0.041670876964287486
0.00906550259017042 -0.039950638905570136
0.007050599693072285 -0.04132629945777631
0.008886449597103168 -0.04034176739631288
0.00854799478361155 -0.04062602389637402
0.008224839745103532 -0.04103696319421999
0.007751899137571662 -0.04163242522039232
0.008013623807411167 -0.04015315781245519
0.008356369382559618 -0.04149219335461483
0.007723158207622781 -0.041240917922926036
0.00823016131630843 -0.040948567984803154
0.008351280026879664 -0.04134950446576611
0.007654153795945442 -0.040254278254545396
0.007705517417224764 -0.04094021795633449
0.009329159684535076 -0.04115913714647055
0.00891257688456641 -0.04083215749977007
0.00824427724968721 -0.04110202750430523
0.009153381007915932 -0.04121331085285405
0.008653289232564965 -0.04067357734533592
0.007269059367223385 -0.041269686119645745
0.00827224417368904 -0.04162100030289049
0.008787332476306536 -0.04135332363563069
0.008421877672055919 -0.040209900262410316
0.006912513179317188 -0.042020213889256454
0.009005277525633707 -0.0408816212972025
0.007226293876936303 -0.04174497909096362
0.008465383394951176 -0.04161259636164625
0.008856337780024202 -0.04140373071267087
0.0083002798196655 -0.04202034036420919
0.008910961032184304 -0.041006160218574485
0.008780063141617249 -0.040886679516850745
0.008138843491508684 -0.04135214449250133
0.009450778042096325 -0.04060953650933417
0.008410158263050298 -0.04112019459320935
0.007578281041749509 -0.0414439197323788
0.008188097913897706 -0.041143142946631996
0.008081155341006084 -0.04096498364279342
0.008051867976676789 -0.04173847055497568
0.00701959594255978 -0.04100475634215248
0.008711008918422337 -0.040779246487763855
0.007700661897565304 -0.04105141971042257
0.008793628542902865 -0.040554919739577346
0.007714218386099567 -0.04144710549297013
0.008276449036696776 -0.0407743532182012
0.00858318006126987 -0.041430247976892855
0.008549367948148933 -0.040258952667544735
0.009092524187838761 -0.041527332789878836
0.007675247388010724 -0.040265267321512456
0.008398401960798541 -0.041237215944686524
0.008459952402708765 -0.04176584349281829
0.007784528987387528 -0.04028480855669179
0.007516362616990964 -0.04041498485398052
0.007078246457785056 -0.04197958431515556
0.008410085404206097 -0.04068510048465688
0.009171843106671468 -0.0408553657239241
0.009804927309179525 -0.041153486341584535
0.009218302290465245 -0.04168473030877438
0.009233544290762874 -0.03996538131135139
0.007984817869651665 -0.04202579006832561
0.009661001878230926 -0.04063642660555853
0.007226425369965213 -0.04185893384212245
0.008820022317512886 -0.04176256686185995
0.00756754301900377 -0.04116132029598305
0.007991829979640718 -0.04167870797155324
0.008379759756100384 -0.04032471253363166
0.007417320481830227 -0.040726643822678966
0.00818221212988074 -0.042339902278108334
0.008425512870751248 -0.041307949581536475
0.007740214857773365 -0.04138961416451579
0.008136376742798431 -0.04173472492073536
0.009852448444806724 -0.0411956333067087
0.007016620470913254 -0.04210445963812257
0.007717499716093458 -0.04197521083816123
0.008713875828867505 -0.04178834349211245
0.008924992478609143 -0.04198481995553236
0.007776866020758583 -0.042115566039853315
0.00812748538213089 -0.041647091090071454
0.008526617142327882 -0.042628286511349846
0.009293445531649997 -0.04257971191730168
0.008302774633028073 -0.043047621465048126
0.008311202173599867 -0.04176780929058042
0.008546996631104142 -0.0435985917485062
0.007789685828364604 -0.043612784919796234
0.008678832991425491 -0.04282802562466002
0.007640052698056496 -0.04409088760996436
0.007124241583553192 -0.044312407489714524
0.009264488962665253 -0.04288421334602164
0.008848501512228808 -0.043552074193113445
0.008851103764440529 -0.044176083665288
0.009924404046687109 -0.04459248062381003
0.008121279621599687 -0.04402027036647469
0.007640046450859698 -0.045106957764762014
0.008215288349749512 -0.04367553611761286
0.008875984994024593 -0.04528428784690595
0.008450513494208604 -0.04417919118020872
0.007666726302751788 -0.045221543704248
0.008060482593674756 -0.04401015935364214
0.00849580949918087 -0.044916956230956796
0.007549189124424885 -0.04451272910481328
0.008249182616866326 -0.04409572970412776
0.008784045149394881 -0.04387554626004773
0.010629381367021544 -0.04256615671523243
0.003154834027344334 -0.04555126859403689
0.008629333400710981 -0.04708665418057654
0.006192768790500607 -0.043023824048003846
0.006877603477788052 -0.04278471265582826
0.010019085600661668 -0.0435697010645286
0.009566291773152288 -0.04533011789019168
0.00850285771194717 -0.0443887787658017
0.009889566824901773 -0.04581475186369619
0.00910341240622684 -0.045496112574331816
0.009152558233102256 -0.04578496734982205
0.008454519264372413 -0.04511406903189028
0.007837252598230756 -0.045532801987077966
0.007746845762903642 -0.04420486049575121
0.0099727954332387 -0.04697287813770943
0.00890767052321957 -0.04577773371834779
0.009352205296811867 -0.04594396062505022
0.00907543543468396 -0.04560934697412298
0.007380688763238091 -0.04627971608634949
0.007017112963166688 -0.045952841498166454
0.006682379307702546 -0.04589850944416061
0.008558659084367322 -0.04579263484219751
0.006857516519776733 -0.047527953261041735
0.009156523320116077 -0.046260624299772936
0.009554617880322467 -0.047169508424777386
0.00900979621582478 -0.04689328924422596
0.00868026207175314 -0.04581329007432287
0.007578457072286101 -0.046512147599057065
0.009138214422340895 -0.04599171098296038
0.008998818767326824 -0.046016163261212585
0.00785476494249679 -0.04637314704004789
0.008339796456600271 -0.04585068359804787
0.008396858494315058 -0.04598471553889059
0.008278636788465046 -0.04677022779908755
0.007568432709193679 -0.04707419505840591
0.006077616893528294 -0.046036641433528015
0.008531202603931615 -0.045954345607372306
0.007531177511704491 -0.04663905280522671
0.008525350540802432 -0.04590434607970171
0.007797834323598343 -0.0454416962348718
0.0089238259318763 -0.04529614255311063
0.00826251525055077 -0.04482304626918785
0.008007426416564222 -0.04481264013984652
0.007834506034512006 -0.04470837590824404
0.007015786249409704 -0.04529077616307584
0.006636223677218556 -0.045524210237846564
0.009180602889212288 -0.04494770466500262
0.00895907976012626 -0.04396363125936762
0.008539028862009895 -0.044601893806542205
0.008032070277740496 -0.04395527419524312
0.007715490450553985 -0.04542944229983668
0.007868308589071293 -0.04469620927115912
0.008365821876291504 -0.043408262595570936
0.007480727783175885 -0.04179618741863054
0.008041623599529292 -0.04418587687715323
0.00834697703512962 -0.04428866496808557
0.007999421315985498 -0.04238044718854892
0.008357554294987617 -0.042875037369596726
0.008687534356747729 -0.043382057625838556
0.009710529329241204 -0.04267600842668549
0.007978042874915076 -0.04370255004035049
0.007678467703414404 -0.042217871985078294
0.00742745326954199 -0.04222327195617879
0.006182349115813016 -0.041626025598306506
0.008630277729561965 -0.04261135900986688
0.007302416660865681 -0.04189353434400964
0.00900442138768554 -0.04381477326144687
0.008533751650919859 -0.042019634624923065
0.008500386702990005 -0.040437632618996334
0.008104916495201422 -0.04216021303262061
0.007318848677922443 -0.04282541290619333
0.007782772276257725 -0.042909564750938746
0.0068734275442005575 -0.041994998868258616
0.00608256768608454 -0.04248806449250051
0.006039074322002052 -0.042248685766239615
0.010141259535861457 -0.042660642656785465
0.009873016301041362 -0.04276187097624826
0.009092811467238246 -0.04398764849555079
0.010523907276673425 -0.04141645037503359
0.008377001501928452 -0.04286962315242635
0.006023382416321076 -0.04178758561821303
0.007330312999934304 -0.041923465267905004
0.00780956576790422 -0.041342663748143306
0.006364217207452422 -0.043100537631249415
0.008916804425650576 -0.041302975846666735
0.009438766822894856 -0.04065970946901063
0.008630281915273857 -0.04146647684585123
0.009239824998226632 -0.04125736082902474
0.008690530582579632 -0.041843144022648084
0.009036909380190005 -0.04063171711791711
0.009765931518098353 -0.04011965780370572
0.00792448160813131 -0.04092017852786454
0.00832703982834064 -0.0403906489076584
0.009029853081332249 -0.04037511453925944
0.0074152402891014026 -0.0415506292658727
0.008369404948160675 -0.03992658713997763
0.007864261866412332 -0.0403393069365414
0.008748191599350147 -0.04051517551829862
0.007843804437710298 -0.04002811742506871
0.008030447372281986 -0.04029233507087813
0.009376912256114518 -0.04025823630421097
0.007715004969020944 -0.041125996108071196
0.00788165488856184 -0.040448153219084994
0.006761737584330761 -0.0413504271791769
0.007691370011364013 -0.04024229192181348
0.007367479541495494 -0.04062345762603823
0.007732105965357321 -0.04101900074309859
0.009037321045090889 -0.04015950198773164
0.008698503910995019 -0.04095221485242593
0.008171077377837607 -0.040815742405487555
0.010359769288116214 -0.040614592620883606
0.009425475079699512 -0.042334353042810614
0.00938144118329262 -0.04065426634441891
0.008910295241996899 -0.041672028708020094
0.007964836331880835 -0.04102472682152778
0.0072150592655951355 -0.04056634647980959
0.007957759147745276 -0.04089840129608
0.006866616894799733 -0.0404994119958799
0.008591730450231039 -0.04080062061671994
0.007956413482132267 -0.04089716927293139
0.006797850558257386 -0.04194571495924813
0.008323239358940093 -0.04013536665979809
0.008662425680808255 -0.04018558216465149
0.007850267353585232 -0.045055856463344514
0.008401463624568267 -0.04212069869750421
0.008285445059185981 -0.040897494237632316
0.008342407359089712 -0.042135236109384945
0.008812323619926355 -0.04014546884047119
0.008331907888111723 -0.041532125486240835
0.008461754781318536 -0.040591941922440956
0.006863457930314631 -0.040932252668132364
0.0087124618397121 -0.041823440108780675
0.007634234032052753 -0.04086886124484377
0.008049848651197861 -0.04140402997605228
0.009962600672960452 -0.04195761418603625
0.00670235285803145 -0.04065115007007456
0.007042747626799614 -0.03833807014114108
0.009337451934704344 -0.04177893407510489
0.004150230358528805 -0.04178570252747924
0.008008121351314238 -0.040488393953065784
0.00774808785052156 -0.04092659914553896
0.008923849319978914 -0.04152533458117145
0.009295290405755175 -0.04036479767708576
0.007560522882104355 -0.041397056640820586
0.008754621701515848 -0.0411063415474324
0.006764603025865082 -0.040329134320050676
0.006871628402157961 -0.04107918744461545
0.008256063459107614 -0.04199963748151545
0.009802242332901117 -0.040433706097026324
0.008785974810854793 -0.04145120372562625
0.00741888349643427 -0.04177010501493548
0.007061305628368767 -0.04125210673789657
0.008857899001467854 -0.041334544700942756
0.009529617723755891 -0.03858094448851699
0.003891633786535901 -0.035806613223856344
0.004929832462700068 -0.03467041017446013
0.016109953036287712 -0.05316893739162063
0.011981369562699217 -0.040542343493646917
0.007709976605880842 -0.04546843696247336
0.011074370352640505 -0.039850640078866496
0.0074388331853762965 -0.037723090598939836
0.007853819281174887 -0.05044988954057115
0.008105844724017382 -0.04041638327711559
0.00838784506941314 -0.03500217079042687
0.008528992201860729 -0.03961954505740992
0.007942050505250275 -0.039394815082792724
0.006194412699814883 -0.05074691389505912
0.008549630883146201 -0.0396204006508307
0.008238806651444233 -0.039071761092116054
0.008651327692235866 -0.04117686744544311
0.009447000726107808 -0.04338476234338582
0.009206844504325877 -0.039161381515109485
0.007822515460370081 -0.03994538582886029
0.007073937369513599 -0.0436595736642986
0.008491732150854563 -0.03947342267785701
0.007762486845930443 -0.042558251127630765
0.007775099417091889 -0.04035489074425456
0.00850179735380912 -0.03987236279212645
0.008068878720672464 -0.04138699846883374
0.008610839981329409 -0.03942521467108271
0.007851497523468223 -0.04021633300610825
0.007492312023175591 -0.0423318419959031
0.007758623697232271 -0.04011189740330765
0.008761899493065132 -0.04035020077068128
0.008616496569004175 -0.04056511394349858
0.007312245916713603 -0.041044624607692294
0.008102401772515533 -0.040149424765132814
0.008065465954022345 -0.04159597500368004
0.008293260397678748 -0.04050446481329282
0.009646417192044924 -0.04107544516511206
0.01012769066076064 -0.04048956941794855
0.01206277790519021 -0.04104398885224978
0.010113736925203986 -0.04051378794341896
