-0.03048675194880586 0.05905214190724578
-0.03048675194880586 0.05905214190724578
-0.03048675194880586 0.05905214190724578
-0.03048675194880586 0.05905214190724578
-0.03048675194880586 0.05905214190724578
-0.03048675194880586 0.05905214190724578
-0.03048675194880586 0.05905214190724578
-0.03048675194880586 0.05905214190724578
-0.03048675194880586 0.05905214190724578
-0.03048675194880586 0.05905214190724578
-0.03048675194880586 0.05905214190724578
-0.03048675194880586 0.05905214190724578
-0.03048675194880586 0.05905214190724578
-0.03048675194880586 0.05905214190724578
-0.03048675194880586 0.05905214190724578
-0.03048675194880586 0.05905214190724578
-0.03048675194880586 0.05905214190724578
-0.03048675194880586 0.05905214190724578
-0.03048675194880586 0.05905214190724578
-0.030721338426585493 0.05720788885229283
-0.030898078488890708 0.05754219479406614
-0.030683384631580185 0.057441751469409386
-0.03053053592273011 0.05706420175144683
-0.030160329018108552 0.05948103123353293
-0.02983817296793411 0.056615935896671965
-0.027804274286441163 0.06174618247351832
-0.029556625026096205 0.05820788189671505
-0.03801377369682633 0.04851033285282419
-0.032549673619853926 0.058969942546510834
-0.02730134163318806 0.05752053322010292
-0.030135539865041243 0.05949151530356106
-0.031783222800457304 0.05690586160061212
-0.031786894314399114 0.05945989578971783
-0.03362090340432069 0.05217254504660124
-0.03032366867846375 0.05990699420381124
-0.029776111933447327 0.0562329650698698
-0.030296142248040645 0.059402630136602574
-0.031117396170532715 0.056681413383186496
-0.029721114411394335 0.05904931335245517
-0.03192314363566241 0.056950949389770356
-0.030182799427940908 0.059051836654448076
-0.02995355591224882 0.05704383803349805
-0.029006600714559252 0.05936734300718832
-0.029418403694963288 0.05790369746871166
-0.032352874844354285 0.05021137243341828
-0.028128083514206825 0.057430484964268114
-0.028748666918389655 0.058655751575737713
-0.025425825793864515 0.06229379252392592
-0.028284352805358005 0.05787146066391052
-0.02974929323211887 0.062236983947887514
-0.0324360718488042 0.043914873423372025
-0.03529802965606377 0.06362917365842019
-0.035806231602966074 0.057639569126099965
-0.03304291025505335 0.05887325604387689
-0.03219143152566027 0.057063285588348334
-0.028706397565839616 0.06285677711700205
-0.03357472348502087 0.055658918326679074
-0.0339467805219463 0.04193280453222731
-0.028699522067985726 0.06476305388752496
-0.030587348163035405 0.057430851427462126
-0.02826509488650354 0.05733944328555868
-0.028305576807133588 0.05626488422741621
-0.027913020825400734 0.05857881349741939
-0.02991789639610086 0.05819899076646812
-0.032292053273910555 0.05556457964994771
-0.03399550057320005 0.059079911584680456
-0.03216040044310286 0.05874081774600465
-0.030428924656003057 0.05734382891548878
-0.02983450228932625 0.05956560572486519
-0.028275635309754035 0.052396750414823
-0.02912249730159328 0.060378034395946745
-0.03054876873052352 0.056296016823016604
-0.03224304628414677 0.058455567088988525
-0.031831387836154926 0.05655726032746461
-0.03125371044751066 0.059111374273755846
-0.03228730522676586 0.05614842585100227
-0.03155564614058952 0.05928758786042637
-0.03092544655804676 0.05639038744593744
-0.028662424460681426 0.05638576314091476
-0.03033141180278197 0.05944061679893847
-0.028859091394506074 0.0577537904733631
-0.02990420760031427 0.057467364901730045
-0.029969075338953974 0.058457363889553304
-0.03176579259650265 0.05801237949461274
-0.030369407183251082 0.05748010256851582
-0.03202993799860061 0.057418674847253104
-0.029851816687845745 0.05804195010304197
-0.031004526895232486 0.05741567607724879
-0.03001552590191515 0.05820608883446393
-0.030134996496922594 0.05820202630047805
-0.029998067530234162 0.05657814582815596
-0.030815573336178 0.05850550099192725
-0.03141745141961134 0.05813512040427965
-0.03102212494993481 0.0575942595886651
-0.030358406735470012 0.05784883157058557
-0.031254489403036545 0.05677610478896605
-0.030577682414646642 0.05804619915705128
-0.030021710783910544 0.059439235046342576
-0.03071297792022654 0.05558798367703005
-0.03143822643485962 0.05896059159832684
-0.03027509698510933 0.05767835268849869
-0.03240214607939486 0.05560177311532949
-0.029685401104811146 0.059872412450380164
-0.03061557107224278 0.05719558446003553
-0.029910356847905314 0.05785640105546935
-0.03078090083903128 0.05842175269716349
-0.03090722864822975 0.0577799267352514
-0.030599345743039266 0.05721791346715904
-0.03079638998817866 0.05883429953376024
-0.030251959693427137 0.05601304003975577
-0.030280606948124587 0.059501612100860635
-0.0313612031634955 0.05493129660469548
-0.03028279434686162 0.059080813622223116
-0.03054370198942109 0.05692652495607925
-0.02983737031960191 0.057977818697184824
-0.03034788706764996 0.058256780191749014
-0.03053294555106459 0.05583755690225506
-0.03044309577088884 0.05858470240757402
-0.03080117362699501 0.05707502859050523
-0.03099220641601416 0.057876564378013196
-0.03038338071920685 0.05663809106405154
-0.030142979571037613 0.057985335563859264
-0.03098359565566333 0.05761952909432261
-0.03095149639180891 0.05789408288021852
-0.030601013569590507 0.057692751771036554
-0.03047383852066687 0.05716605747233733
-0.030168678230150847 0.057361503940644265
-0.0317749321474001 0.0581209838542715
-0.030388360679081725 0.05794752238332984
-0.03114104133946692 0.05713304453684781
-0.030832754402082295 0.059496719638930606
-0.03222041194337166 0.0555675910502304
-0.030282403290552738 0.059685674221809204
-0.028845061889637053 0.05464157941731135
-0.0318115554018089 0.05911545503601906
-0.03077752381615694 0.05700787559158943
-0.029779981162007384 0.05665499315796335
-0.030725638836797183 0.057322816797627796
-0.03022973994342411 0.058709934001527075
-0.03054366708787422 0.05639656585805891
-0.030452840960669112 0.05736032857439216
-0.030600205168716584 0.05785497161689851
-0.03143588452459351 0.0581843218242421
-0.031605094995086305 0.05820784091961245
-0.02951917555384402 0.05816515931846061
-0.030596533818563296 0.0568164703135125
-0.030885734767733822 0.05784617261622488
-0.031421617112664474 0.05621171927867702
-0.0310420945290787 0.057463032869039476
-0.028807894710937938 0.05838110870750318
-0.03024735495504324 0.05829106667201128
-0.029824893527655348 0.05718216459181308
-0.03075538830162691 0.057213921021231184
-0.03136077068091165 0.057831303437080483
-0.03089547301028178 0.05718169673713053
-0.03046099120067997 0.05710031306664226
-0.03087519112480813 0.05875777273433419
-0.030470036320179496 0.05690817929091824
-0.031136457180332346 0.0580552526253208
-0.030951679479716897 0.056216219572707116
-0.030092161154982186 0.05817929836379937
-0.03130195018712057 0.05705457413689191
-0.030655105864799907 0.057674108474067676
-0.030134992651429826 0.05749497647027296
-0.03155645051662847 0.05847342020150598
-0.030885468511723718 0.05782631679629596
-0.030626112662215547 0.056859670141808205
-0.03069392891993021 0.05819878823398755
-0.030495809282100165 0.05587105235360984
-0.0324691693237778 0.058422236082620704
-0.030512625601684815 0.0571205036407329
-0.03211194220032591 0.05946841570135514
-0.027930309266802802 0.05476501988324739
-0.03040289815539052 0.0592648230686032
-0.03170508319621883 0.05560684679558342
-0.031080355446558863 0.05613612703073717
-0.030378526079890455 0.058675890643369255
-0.029646763058353 0.0580019164351801
-0.03336379536393702 0.05860232191369813
-0.030181815476605894 0.058047589815488354
-0.03137412324510691 0.058763384258962714
-0.03303859601336637 0.05620603350635939
-0.02841004429743336 0.059285519580444423
-0.030856611429486404 0.05778667680662525
-0.03298068955577071 0.05521773129406754
-0.030443886446320793 0.05859451674874777
-0.02961596494524422 0.05747020685903065
-0.02949889200010656 0.05713833582354172
-0.03153484955299963 0.05739851290756487
-0.03054719620976718 0.05836610377994983
-0.031604618541412055 0.05770333248520626
-0.03074839868358438 0.055780361170806925
-0.030594077750806255 0.05739735123725914
-0.030405670309920644 0.057547866904904044
-0.030355018620264504 0.057603062409629924
-0.03041386599345944 0.05774687111802218
-0.031228305935194312 0.05681936496021417
-0.030783710421272977 0.05845638617264809
-0.031186678515861942 0.05600962485329858
-0.03125589982401377 0.057032895205371525
-0.031047360938134764 0.05809584127349904
-0.03154817572146406 0.05697355318311276
-0.031218724709010694 0.05806027407051889
-0.031365142942625254 0.056801662257955854
-0.03114412698367404 0.057782096942352534
-0.03054596799377787 0.05706958104015464
-0.030091754271261106 0.05730518422302805
-0.03070083775671717 0.05756225376326113
-0.030754358587013076 0.05719465122864714
-0.03113997317907295 0.0576232689112785
-0.03025504301227779 0.05757020061262191
-0.030593808971863652 0.05858044417108016
-0.02978781405468572 0.0563653479376513
-0.03109391966008581 0.05782460108309778
-0.030046859714051584 0.05702283004606484
-0.029201577114795863 0.05699046556637927
-0.03087721606889127 0.05743222732230974
-0.030684190035190163 0.05728423114612141
-0.030740084548676723 0.056874447538632855
-0.030553082616155122 0.05756689095639639
-0.027968618938948326 0.05883443150789519
-0.03150262497484352 0.05780549094146975
-0.03101524868950556 0.05754896581372976
-0.03064263673575668 0.05663624775875603
-0.029211628830272358 0.05791804111409621
-0.029728752578815305 0.05727588079631668
-0.029856836433691802 0.05630159062210466
-0.028771310194240483 0.05782292905433789
-0.02687317532764037 0.0571814574651312
-0.02934586026913239 0.05741695516069906
-0.03174427322170151 0.05559736920919639
-0.033676308030182345 0.05826656045414408
-0.03386831730313572 0.059053527222980795
-0.03299839947815722 0.055845417285895704
-0.030637265164261678 0.05689699274429921
-0.02999868229454079 0.05737570139127918
-0.030139304920918583 0.056347454233979855
-0.026985980567339463 0.0574169851159973
-0.03069744668557127 0.05757205006502181
-0.030256773339157474 0.05628045260312836
-0.03202216529402424 0.05794000297545171
-0.02971431051824893 0.054565199084393556
-0.03143972806845888 0.05737875875470694
-0.028137125545325346 0.054207164020821874
-0.032162956466094114 0.060591445816341405
-0.03481645781835802 0.05620757882898769
-0.03528334516911619 0.057994409481067766
-0.03320000949096592 0.05667966935039742
-0.0294168427913691 0.057295000180991484
-0.027841035913453358 0.056895512536065895
-0.026576724382142508 0.057163847914676935
-0.026352001041356734 0.05799115915372427
-0.02572396584403491 0.06131578791655751
-0.029078210914579017 0.05474774551172662
-0.030606452031941612 0.05618600026459303
-0.031511949368950756 0.05606637407494269
-0.03195389763000453 0.059214127920382775
-0.03138580667435604 0.057657540846540456
-0.031197785426256786 0.057361447552165934
-0.03045449374306484 0.05864046088269531
-0.03125707363058383 0.057183881768049394
-0.029761897089358676 0.056725536772625096
-0.029776756408101623 0.05701299991305481
-0.02998958465760618 0.05792989188494707
-0.03147634383862437 0.056327991117067044
-0.02948105747935983 0.05958083193604086
-0.033357319493658825 0.05634075902619812
-0.03105310352883156 0.05769455765146264
-0.030935104706765276 0.05777833668892279
-0.03155789961317412 0.05687681139230988
-0.029411850689853195 0.0572384375413843
-0.029816668949792926 0.058719280255143225
-0.030796760760549033 0.0570456151856073
-0.0298625287345838 0.058911007233492574
-0.030873115790720183 0.05663771294827796
-0.029897725201838803 0.05715810945437533
-0.030856281109789736 0.05949747428021207
-0.030874723028583875 0.05745582092593765
-0.03045254318199155 0.05926206763594094
-0.031036019108100835 0.05651664526336869
-0.030518629177597956 0.05843904896307811
-0.030819635542006608 0.05766528669230103
-0.03176225777939906 0.05676313878651057
-0.031347847743138896 0.0582526391786104
-0.028880445046669433 0.05791162861776028
-0.030432209603042326 0.05726800560930839
-0.032281396607525825 0.05680960825941489
-0.03034958618765013 0.05666340304330658
-0.031080958160443987 0.058166596138540416
-0.031169276707780042 0.05718161434540686
-0.030343912482420857 0.057412246035570325
-0.031188438667244692 0.0575166434199485
-0.029964525993360382 0.05801190333989198
-0.030758267589928556 0.05622821470471723
-0.029869907496210487 0.05890694133048141
-0.031247022730611366 0.0569358455601085
-0.031657786921935806 0.057993823940761746
-0.03000765335898622 0.05654105322999187
-0.031338385830432386 0.058809424147875766
-0.030099996577331044 0.05662467272062227
-0.030489178798478858 0.05741545493949535
-0.030848181584933746 0.05661033764843898
-0.031235910695096406 0.056853018177664694
-0.02972443486960227 0.0580303633863421
-0.030902634788331617 0.057685219205864724
-0.03124046415138129 0.05869888851535138
-0.03044860273948997 0.05748838115626537
-0.030741222800833804 0.05597457311227755
-0.03207434206361005 0.05541314587200058
-0.030099333310917298 0.055834522189186664
-0.03126401057232375 0.05685157207135133
-0.030328731994076832 0.05780137419513992
-0.031669984466055325 0.05619741405978135
-0.029975338089849885 0.0665419189010174
-0.02821287466770782 0.05379423862180016
-0.032726857868416184 0.05429352590403996
-0.030380910910092172 0.05837681744483886
-0.03154303209025722 0.05591084942822894
-0.029298252587849596 0.058547584084187754
-0.030657512663163456 0.05624213755911617
-0.029738022814278384 0.0580277883144657
-0.03153833543024743 0.058822217781814456
-0.03073532368804901 0.05576988114904741
-0.03096693079596249 0.056467847574244556
-0.03100404052781227 0.05880149352721381
-0.02972880410404081 0.05598807972122882
-0.030604375557793995 0.05828543791918922
-0.03057690275862346 0.05692455380672817
-0.030995310175215746 0.05567484180701737
-0.02884522532785809 0.0584179144044778
-0.031597108603471494 0.057444297850502035
-0.03071446277616717 0.05576791560039268
-0.031525801629862404 0.055805881999722196
-0.03179542093507595 0.05858307779616506
-0.031388004357577465 0.05686668511677867
-0.03068675405767405 0.057981138320932046
-0.03018345949141586 0.055660462029795965
-0.029062491549976022 0.05758751061700135
-0.02896418047768232 0.057122393854794395
-0.03140067832730253 0.0555764832239693
-0.03009691416169395 0.05951581521820487
-0.032462798191274775 0.0559022421720165
-0.031895423572536025 0.060085239813192304
-0.031001783151279085 0.05329841167720745
-0.03021128191205098 0.05989891182338519
-0.030759164132327346 0.056167640297991095
-0.030105053673148165 0.05772239218976022
-0.030973988779003526 0.05788710752244536
-0.030938796201183283 0.05773585137601972
-0.0305629848335257 0.0568034501950378
-0.03126268904457957 0.05666600712065367
-0.030877256030338838 0.059090723186427
-0.031046794104950304 0.05699377301636582
-0.030058111480439718 0.058184157661847535
-0.03049191207940202 0.05741989937523345
-0.030397951212999208 0.05802832621630233
-0.030449317845668355 0.057101613953288
-0.03068725716775615 0.05877680262420787
-0.030895272011334435 0.0558202974237158
-0.029829650651232976 0.05777209939028122
-0.030435887351728926 0.05703662321434838
-0.03150182112768751 0.0577288687412138
-0.03136869113121196 0.058325785393583185
-0.031151833598630708 0.057528615717779175
-0.030838044259548416 0.05803286007280878
-0.03152121651378659 0.056636209501593926
-0.030731876032028142 0.059174774605813274
-0.03078845404097969 0.05669580863316831
-0.030565087596285366 0.057290806388587245
-0.029884186134741846 0.05829770211538449
-0.03137755457727216 0.056561842385250916
-0.02993960073364459 0.05791192957323971
-0.029832211503662442 0.05555326773221475
-0.03167792782121752 0.05857799992191354
-0.030330970205297958 0.057802433098562866
-0.03084311177158265 0.05635500230299745
-0.03094481024348838 0.059059746458021534
-0.030513448802185945 0.056319909769822984
-0.031023624705979677 0.05807331686031286
-0.030854949926416433 0.056048798074925965
-0.030805100173342276 0.05858762530877065
-0.031260412026979156 0.05765431163348661
-0.031170767595331578 0.057697415771586325
-0.03060049402513222 0.055612363202615256
-0.031283026833764244 0.059021313322691726
-0.030212451385975357 0.055748391387557106
-0.02980279456390238 0.056640402882445595
-0.0311663837329583 0.057275066277498066
-0.030756241911016634 0.057779544636714364
-0.030671272077429097 0.057686946210118106
-0.030828478293307458 0.05826477682725656
-0.03160091304231853 0.05723967977897776
-0.03076621224813378 0.05617996468923264
-0.030547543958153883 0.05753359145840403
-0.031337052148566684 0.058184928156572446
-0.030549144809680996 0.056379177237417755
-0.030458788749265064 0.056631908848042645
-0.029524726827134563 0.05859919233058947
-0.03169125637807364 0.055747900105907966
-0.030168837747801335 0.058483646387427146
-0.0311536412542167 0.05688068607257851
-0.03122514989409523 0.05766844815017519
-0.0314451533429142 0.056861227452278784
-0.03009345560251682 0.05769024975488096
-0.031242324927731407 0.05578744616772252
-0.030320692104708287 0.05735180383370303
-0.03129228413553033 0.057042539313627294
-0.02998701067640074 0.05746261339440556
-0.031388263558889344 0.05634840716598427
-0.029386485920337546 0.05666039493431846
-0.032122421733338874 0.05875936423855971
-0.030906315656483836 0.057425062605754584
-0.02960610293082404 0.05609930704302063
-0.03144524017584291 0.0573576754989244
-0.030095764712221033 0.05844801933506644
-0.03220870845649167 0.055473753111334234
-0.030299110571290425 0.05811803814240729
-0.030292802211758608 0.05727893060467387
-0.03053013901070233 0.05722956043014754
-0.030709876415213933 0.05693907015438543
-0.02993261361878159 0.05814313468117088
-0.03090411135738129 0.05686220962465999
-0.0306207215777522 0.056752041401573805
-0.03167487709702263 0.05587211149258192
-0.031360337150441314 0.05931475123248248
-0.031276695072979914 0.056717936048684636
-0.03183171892804686 0.057575382194473945
-0.030012208765698038 0.056950796683955696
-0.03096666820152155 0.0575630192613969
-0.0308417596631592 0.057043643631989605
-0.029246274359140133 0.056415878726573776
-0.03143035763164695 0.058230462026542085
-0.030069286962139168 0.05733125027581226
-0.032354879339016235 0.056267862417284265
-0.03229063905420642 0.05591356168856171
-0.02846427093539377 0.059068659109890065
-0.03089611384149661 0.056636750585978335
-0.029451228702031474 0.056858586780217546
-0.029959494206873615 0.05799309241019007
-0.03296059257112028 0.057928466253960476
-0.029900872089570752 0.05750734774962435
-0.031831683631992055 0.05799143874070495
-0.030786076943327908 0.05529293931404683
-0.030817234049042064 0.05841827423451512
-0.03071484238165721 0.055875989144613614
-0.030227953730053388 0.05798493350976058
-0.029992774637772616 0.057495668212349915
-0.031159503587033663 0.05757904187542556
-0.030314581347488226 0.056686038004047645
-0.030984710374849653 0.056986175773455716
-0.03030457213757208 0.057205930641111624
-0.031501596661188694 0.05677751559112959
-0.03163089290591614 0.0574859228667281
-0.030461639753531458 0.057384088925546306
-0.031055131762099113 0.057160694263307554
-0.030400108434269126 0.058748505869029966
-0.03186734937643171 0.057317694435652766
-0.028945686949955193 0.05876008150036521
-0.03273183168134222 0.053249687474269114
-0.030990317708115434 0.057136129679748515
-0.031010459889346278 0.055505098039440426
-0.029394483952581443 0.05869211742669206
-0.030159805037341145 0.055437991114739515
-0.030170006617663114 0.05941008146121435
-0.031173700738715827 0.056712048113207236
-0.03180975002229478 0.054840051835129466
-0.029662942877965226 0.060719319977331654
-0.03231018516356031 0.05725923848997855
-0.0314612623960604 0.0571293872280591
-0.027413728822637314 0.06146096674396423
-0.03211648506679254 0.05633171978635393
-0.030581217434278715 0.05611919656878145
-0.029987754423032503 0.05740815842021413
-0.030183577518860857 0.05775237935886518
-0.0319633085315211 0.057124703980978964
-0.03143951668336917 0.05766361515498003
-0.02994678198875414 0.058800099296939246
-0.03075250800288729 0.05894999111020932
-0.03141803431230679 0.057090751847550025
-0.030947169209746408 0.05711173708272249
-0.03076955298539946 0.058700755749053035
-0.031221435732737984 0.05838435312429885
-0.031131454864529763 0.058001869523958305
-0.02953854214944632 0.05784691172707229
-0.03127081888853722 0.05816362877706188
-0.02999699188264736 0.05892385137326256
-0.03063235253704932 0.05792337024173405
-0.029054552002755762 0.05777602612791427
-0.032125147120134534 0.05824956966347611
-0.030419924526163006 0.05751016807712145
-0.03145330572610277 0.05651115851792338
-0.031773802613550534 0.057007041759901955
-0.03074244664674746 0.05928409799449813
-0.03068111481842139 0.054751486289619844
-0.030035321929551963 0.058135331998392326
-0.024866988278975165 0.06452478081238738
-0.03569923426038304 0.050539526476874375
-0.0314433968730474 0.05885106518629585
-0.031124390128864036 0.05493624558777904
-0.03215025372177459 0.057298284508721486
-0.03042869483074672 0.057243779130963846
-0.033753662541662566 0.052424019710176795
-0.027070016128977123 0.06323226591461356
-0.02993412041234435 0.05925242599331554
-0.02922643258498219 0.0561123609289646
-0.031000834101878993 0.05762423754140639
-0.030051346368530765 0.05734672373687827
-0.03060009534419933 0.059104508441091885
-0.031099083008208024 0.05493274424802158
-0.031570042083988004 0.05796521177553687
-0.029891259135881292 0.05721290170511212
-0.03160178165142699 0.056590567199038266
-0.027845952380919147 0.058380700407645925
-0.03195258337089891 0.0578581634966599
-0.030062760632466993 0.05866754758039877
-0.03386431893788111 0.0536902462036552
-0.028762314872132305 0.05877140035837897
-0.030152144722083933 0.05792778142130478
-0.031085709122230673 0.05839646523537673
-0.030842313612149543 0.05632042910363849
-0.029054968071533 0.05884933297497058
-0.030360973071231635 0.057515554801144286
-0.033532313654735496 0.0566514662298922
-0.02991703933770662 0.057966495814210484
-0.029626066840347482 0.05784161096568202
-0.0316684096678007 0.05516281854932198
-0.03173676751073111 0.06013748494942289
-0.029686307493412837 0.05751222144001583
-0.03038115505418145 0.05599876290228617
-0.02938298474819605 0.05696515223922155
-0.031081113994586823 0.057919526873062954
-0.030760887623166984 0.057764936645572085
-0.030864913493204676 0.05666050596527489
-0.031291829758359466 0.058534832548864546
-0.032416350531473515 0.05797359824360265
-0.029955526207939717 0.05692892253111065
-0.031112273528501183 0.05733562911333129
-0.030020141941989695 0.05770510411792523
-0.029913800611579083 0.057885097003120334
-0.03106459116937038 0.057514412170669826
-0.03256908956665641 0.05651345298139171
-0.029910011635837695 0.057281693288150304
-0.03125669881121736 0.05928961066088417
-0.02879796573611581 0.05596202845017201
-0.03116195208293007 0.05633324354711927
-0.03122394896501908 0.060659137131919116
-0.03036890339008466 0.05728783424548983
-0.031360924531880593 0.05586926738593706
-0.02983317393239169 0.058588922804406696
-0.02940983988585969 0.05723745633265004
-0.03099408161013215 0.056575621102677276
-0.030776257332128517 0.05766799051024768
-0.03017343374911589 0.058568630751572426
-0.030916702449701915 0.05642370383492573
-0.031105569041496424 0.05720921961145281
-0.03110707835225992 0.05680905638826034
-0.03059035226763238 0.05774243780551774
-0.029323051616861065 0.056834115843125976
-0.029494616757494922 0.05771601603888449
-0.03065533000489827 0.05693747219941442
-0.02972260408664671 0.05733952790623381
-0.030379589881780623 0.05838810335498884
-0.03135335436938093 0.05541774700270746
-0.030930477835491597 0.05961663013376789
-0.031167706401379457 0.05562499873099397
-0.030546356728998355 0.057676402509189095
-0.032222992615959074 0.057994528025693215
-0.030288664827438114 0.056533642105736026
-0.030801154964770244 0.05769333352078626
-0.029914361676831498 0.05802342968427271
-0.03169392484217519 0.05589682747279662
-0.030182616737423795 0.058671776616322224
-0.03118988927702572 0.05641292095469014
-0.03158200243623871 0.05825941062685164
-0.03097308526942313 0.05787855199674413
-0.03135285116042272 0.05758654476894737
-0.031111833440433733 0.0570529041103513
-0.03102457504299524 0.058167290291274154
-0.031187299467680646 0.05739831200854634
-0.030185591298614634 0.05676994271329966
-0.029828904010507005 0.05829757759101567
-0.030373979688943058 0.05654887188620655
-0.029607358652344075 0.05774701185104386
-0.030422580489866215 0.05693605808997931
-0.030203681582891002 0.05830074909633004
-0.030756816234896376 0.05714514207377114
-0.031071500649082495 0.05736027553749351
-0.030088482191294286 0.05803768592152453
-0.03059638904573671 0.057822760906877935
-0.03090139143045765 0.057218381411203
-0.030275960325149346 0.058514476738339594
-0.030155816087714563 0.05667878211488836
-0.030611429198046523 0.0588964417361319
-0.030459964990736416 0.05644876915219105
-0.029560284545080154 0.05808535999888925
-0.030433738935441077 0.05709622508640727
-0.030115437668504316 0.05789396510212991
-0.030528066391275234 0.05732762904635441
-0.031113172396018764 0.057988135706587174
-0.030270548593108085 0.05807888739084238
-0.03044283752961923 0.05695247171101031
-0.030541119189520086 0.057809801246110515
-0.029712161506865287 0.05749001426215056
-0.03034216008098385 0.05774518662646594
-0.030046077587571107 0.0578167907670985
-0.03106836135422999 0.05794222143596167
-0.029893274320479217 0.056983481223384425
-0.03054633146755696 0.058306031535784564
-0.030560150493998937 0.05772009715034482
-0.030601497609272582 0.057332114298744574
-0.03065692558474016 0.056830327788085666
-0.030316756076818257 0.058952465508412766
-0.03078547040444421 0.05645066584418851
-0.03081058008810873 0.05756293578325494
-0.028639854669499188 0.057328908604801165
-0.02993614731335525 0.05776644729465835
-0.030861346741057373 0.0584340874845794
-0.029718637493335465 0.05549867668837555
-0.031062758309110157 0.0597944827353058
-0.03036717972849545 0.05694831833288311
-0.030333946094161922 0.0571618774393951
-0.03058845949435604 0.05726126225683309
-0.03009759101861515 0.05699809498193126
-0.0295705092925311 0.05901867518027143
-0.03049245954637326 0.056882072958961805
-0.029901755860483967 0.05680641997320207
-0.030175120468889476 0.057522863567741556
-0.03013176486865488 0.05746206750969701
-0.02983359936575642 0.057965568209755014
-0.03142242865804276 0.05585041674593322
-0.02989217658823724 0.05861906468947592
-0.031081447557379904 0.05809507031708122
-0.02961338410846664 0.05678994373678797
-0.032078237442366764 0.0578231541708944
-0.030573803005001066 0.0570706884109759
-0.02846579611273031 0.05756014053716102
-0.03056229027115984 0.057497301820260194
-0.030284517810676967 0.05733471758548275
-0.02978717225012877 0.056782285489740125
-0.030390720715376802 0.05718802930515848
-0.03022622354347048 0.05699160176181234
-0.03097065539143507 0.05727571828188721
-0.029838882929102875 0.058119773381417106
-0.03020100519303032 0.057124760959662735
-0.029646942171994362 0.05712889865259302
-0.032438168941071835 0.05761426403221387
-0.030613515035464826 0.0565760646152062
-0.030464246786060814 0.0583923456411341
-0.0293239585500742 0.05691997956616718
-0.031298003372267305 0.057858607241499216
-0.02886056954559958 0.05734150097816698
-0.030241501912048867 0.05756578169230736
-0.03032267441990851 0.057188577165145194
-0.030811922358917998 0.05715461115813575
-0.02960890689857529 0.05638853071001865
-0.030796504110713552 0.05830077876209344
-0.029316045517935943 0.05774355853154883
-0.032465483346687585 0.055305842473872324
-0.028689378952517556 0.059469599608328705
-0.030620093043121844 0.05680519206330231
-0.030684051101937625 0.05891584020288082
-0.031919767467844314 0.05612860139925341
-0.02802125815606355 0.057876162754200544
-0.03157743029945981 0.057189423131454864
-0.03086579477803195 0.058097016439872584
-0.029053553428073173 0.059188081839254225
-0.034079004772472304 0.056766363141230014
-0.026399065391066224 0.05440696206225376
-0.030070590426559404 0.061380917823847525
-0.03052017941313255 0.0574394254177763
-0.032791289902247056 0.05513522528628173
-0.02897982784418728 0.05687647918359223
-0.029846204589536518 0.05720500384604871
-0.031263483773284154 0.05684080144605791
-0.030691462541979225 0.05792820795203352
-0.031129935154299192 0.05625823336799857
-0.02881052085921915 0.057627524719292944
-0.031239986396228915 0.05747294126928998
-0.030755301831020147 0.05751976890602689
-0.030879277981166645 0.05929996278060273
-0.030181022989588562 0.06219149204752922
-0.02978207081772771 0.05635842330341839
-0.030281383096849027 0.0631845372962449
-0.029311072730315496 0.059448567162063426
-0.03014210482083961 0.05590608630472421
-0.03005131640454148 0.05637653570852458
-0.029723385679647114 0.0587903871643351
-0.03163315872377863 0.0585650896647551
-0.030126594992164253 0.06208576379317349
-0.02922194877368839 0.05880701705711461
-0.0303761738622515 0.058590739002313874
-0.02950635428177756 0.05488224804672498
-0.029680728975343212 0.06391989644503443
-0.030164611809931238 0.05499716990330511
-0.031247799683259157 0.05915518574250117
-0.030460372814623625 0.059745508091713695
-0.030134266169878 0.05900806603882097
-0.03073192604680076 0.058990701587895156
-0.029926628412242407 0.0577635533820941
-0.03014168193294677 0.06136351278070834
-0.030247259585512005 0.060155099903665465
-0.03012874347272307 0.059850520652867834
-0.02853773304207234 0.05273649461786073
-0.029618577020636194 0.059192509524176706
-0.029692518201325346 0.05884782831199392
-0.02926397172212544 0.059819032993352506
-0.02977280631203563 0.059405563747122414
-0.030058124047398774 0.05925371896415815
-0.03145653296794688 0.05840202145580359
-0.03135098697457357 0.05989551123239284
-0.03161740965565768 0.05353668823325347
-0.030970030478256173 0.05905023646110047
-0.030556884829021316 0.059145753907713094
-0.02962591141728142 0.05701340157202467
-0.03038411107639766 0.05870610624069944
-0.029247335752490295 0.05865512213990026
-0.030187821115868572 0.059124547475961575
-0.030098407576894193 0.0579454886520287
-0.030862064371554813 0.05595313089052251
-0.03128959983868884 0.05980811160636906
-0.029912803661625756 0.06181384248057892
-0.03319872091394431 0.057019881675304196
-0.031555347890869306 0.056586591528105135
-0.028928675249671243 0.06004903249066479
-0.031103030598895368 0.05983238121802542
-0.029720954086087752 0.06017627523926955
-0.029553322789776473 0.05832882064894912
-0.029441456532670263 0.05702867416482421
-0.031421745131003424 0.058782847235498925
-0.030082388405092305 0.059271138435184
-0.031681403265988214 0.057792868640742456
-0.030671196462038364 0.05739802720531556
-0.03037045528469588 0.059149403496488284
-0.032528075036757156 0.057121056934314296
-0.030261591684370853 0.06118281850075141
-0.027317070445909704 0.05817083800648931
-0.03261900890255805 0.05716102313371668
-0.030989325983542933 0.05651505788918593
-0.029706464487156886 0.05809004756558983
-0.03043368412642064 0.0571494251429851
-0.031126796845814035 0.05474634174285503
-0.030870026219511803 0.05686869126702104
-0.030967831642593712 0.062170562746446334
-0.032138937762947094 0.059126537786105604
-0.030413937054698845 0.055526262919484315
-0.03189447303759852 0.0554235546421899
-0.032189255536346176 0.05656549650673742
-0.030048129530297295 0.059645653625200745
-0.031055416930433892 0.06226787552391827
-0.030953830328163293 0.05161876806078197
-0.031911882541123766 0.0634611552347541
-0.030491425345718363 0.059241854498352564
-0.03220547721814625 0.055760733745874924
-0.03089098144457043 0.05936241590032715
-0.03141505148213872 0.05687289435824722
-0.030635444741534113 0.06057410755100906
-0.03168879836401178 0.0571553674474487
-0.03127994140380025 0.0585211301390251
-0.03083766758872926 0.05733156018070068
-0.03129198187317757 0.05756173252709823
-0.03009203047591641 0.0568843870297559
-0.02966401950619142 0.05533640282037483
-0.02993865832781881 0.05207225311826463
-0.02972807107286709 0.06094117011810968
-0.03018627423555407 0.06176429662982613
-0.031198860593735025 0.05885588561621241
-0.028124995851496234 0.05733033094381995
-0.029173242392524525 0.058977910251219734
-0.030367522221572334 0.05727087551855953
-0.029916563465758085 0.05827997564943116
-0.029300097132284892 0.0577258431783802
-0.03103990050367003 0.052718370849100304
-0.03007089935732063 0.06020873820659606
-0.030902873837279216 0.05735442991932843
-0.03073089786151226 0.060230567530175916
-0.03238565765260261 0.05567087900185402
-0.02893330462115232 0.0576538212954682
-0.03204496610775217 0.05732004794023887
-0.03032473825803393 0.06028374576841683
-0.03091280918163774 0.05787176894293994
-0.031234299166308356 0.05779400864163814
-0.030892940579626306 0.060008654513988124
-0.030255697365789203 0.05682388849729708
-0.031164314671437814 0.05595300812361964
-0.03129502115152406 0.055977156045511955
-0.030544268129956413 0.05982090804391155
-0.031588861423507496 0.05409479195280914
-0.031171315737201635 0.057179068093185126
-0.031238867863862846 0.057199557572091775
-0.030512790071533773 0.05820277782081068
-0.031998552544411606 0.056666516144623535
-0.03077568091416754 0.05588125429275376
-0.03311767987665917 0.05858937178479734
-0.03156682795457706 0.05578148091895113
-0.0316350596583903 0.05780232217809117
-0.03158855566635231 0.05580436522989979
-0.02999401830295367 0.05633950939632898
-0.029736698390335315 0.05598344133122718
-0.02999538534055557 0.055341889298687164
-0.029221865240653982 0.058011739885316105
-0.029092558618889548 0.05769648774706132
-0.030280792722816714 0.055884233060640554
-0.029762320581763962 0.058516912294902024
-0.03211166160912404 0.05444556048395127
-0.03223997469762166 0.05683024645696205
-0.030590014810215678 0.05729477890491713
-0.03119924724811339 0.05665524725808341
-0.02970859794779829 0.05748784471381668
-0.0321635687116791 0.05804146910840874
-0.03086287519098374 0.05570354773070124
-0.03110348333707345 0.05701257037569624
-0.031080722406866195 0.05647439740619736
-0.031468933373755385 0.0585185064751394
-0.03171005941299211 0.05838359066642246
-0.030544197984632898 0.055300581656452186
-0.03076059288092143 0.05795570613603557
-0.031811979854083336 0.05608122020635936
-0.03091199247152562 0.057701412030762345
-0.03023793493453958 0.056535930349040864
-0.031036379565995593 0.056291544873688426
-0.03062231729453429 0.05723586211001658
-0.03077735753654024 0.057418789138793336
-0.03098165127172835 0.05634804482853556
-0.031115204803417156 0.05754967509021708
-0.030625550248595677 0.056791995915196736
-0.0313165864050559 0.0571763480086413
-0.030597275225620325 0.056301698885865725
-0.030594504187617874 0.05753623862109464
-0.03076931548358294 0.05649787025017944
-0.031237568290583172 0.056280649912892444
-0.030458941850166725 0.056879680687438705
-0.03138717652706492 0.05715204130734047
-0.0318909008957846 0.05693706532419135
-0.030356482923256267 0.05739428187128287
-0.030430728832349967 0.05502226991634557
-0.032448361434706634 0.058699861171920664
-0.030913674495638824 0.05574020097651505
-0.031114514490434283 0.05852601011649455
-0.030237049608334128 0.05631948590479413
-0.03154207316855097 0.056044770194920435
-0.02803299289486381 0.056441934695697416
-0.03192246131264682 0.054417803377259044
-0.03359091773203424 0.06208778729457792
-0.03163755289560571 0.057765502970371585
-0.02918980737911342 0.056288664730560434
-0.032544448511818314 0.05864469326589633
-0.02916972165104134 0.057974687907487554
-0.030135539865041243 0.05949151530356106
-0.031783222800457304 0.05690586160061212
-0.031786894314399114 0.05945989578971783
-0.03362090340432069 0.05217254504660124
-0.03032366867846375 0.05990699420381124
-0.029776111933447327 0.0562329650698698
-0.030296142248040645 0.059402630136602574
-0.031117396170532715 0.056681413383186496
-0.029721114411394335 0.05904931335245517
-0.03192314363566241 0.056950949389770356
-0.030182799427940908 0.059051836654448076
-0.02995355591224882 0.05704383803349805
-0.029006600714559252 0.05936734300718832
-0.029418403694963288 0.05790369746871166
-0.032352874844354285 0.05021137243341828
-0.028128083514206825 0.057430484964268114
-0.028748666918389655 0.058655751575737713
-0.025425825793864515 0.06229379252392592
-0.028284352805358005 0.05787146066391052
-0.02974929323211887 0.062236983947887514
-0.0324360718488042 0.043914873423372025
-0.03529802965606377 0.06362917365842019
-0.035806231602966074 0.057639569126099965
-0.03304291025505335 0.05887325604387689
-0.03219143152566027 0.057063285588348334
-0.028706397565839616 0.06285677711700205
-0.03357472348502087 0.055658918326679074
-0.0339467805219463 0.04193280453222731
-0.028699522067985726 0.06476305388752496
-0.030587348163035405 0.057430851427462126
-0.02826509488650354 0.05733944328555868
-0.028305576807133588 0.05626488422741621
-0.027913020825400734 0.05857881349741939
-0.02991789639610086 0.05819899076646812
-0.032292053273910555 0.05556457964994771
-0.03399550057320005 0.059079911584680456
-0.03216040044310286 0.05874081774600465
-0.030428924656003057 0.05734382891548878
-0.02983450228932625 0.05956560572486519
-0.028275635309754035 0.052396750414823
-0.02912249730159328 0.060378034395946745
-0.03054876873052352 0.056296016823016604
-0.03224304628414677 0.058455567088988525
-0.031831387836154926 0.05655726032746461
-0.03125371044751066 0.059111374273755846
-0.03228730522676586 0.05614842585100227
-0.03155564614058952 0.05928758786042637
-0.03092544655804676 0.05639038744593744
-0.028662424460681426 0.05638576314091476
-0.03033141180278197 0.05944061679893847
-0.028859091394506074 0.0577537904733631
-0.02990420760031427 0.057467364901730045
-0.029969075338953974 0.058457363889553304
-0.03176579259650265 0.05801237949461274
-0.030369407183251082 0.05748010256851582
-0.03202993799860061 0.057418674847253104
-0.029851816687845745 0.05804195010304197
-0.031004526895232486 0.05741567607724879
-0.03001552590191515 0.05820608883446393
-0.030134996496922594 0.05820202630047805
-0.029998067530234162 0.05657814582815596
-0.030815573336178 0.05850550099192725
-0.03141745141961134 0.05813512040427965
-0.03102212494993481 0.0575942595886651
-0.030358406735470012 0.05784883157058557
-0.031254489403036545 0.05677610478896605
-0.030577682414646642 0.05804619915705128
-0.030021710783910544 0.059439235046342576
-0.03071297792022654 0.05558798367703005
-0.03143822643485962 0.05896059159832684
-0.03027509698510933 0.05767835268849869
-0.03240214607939486 0.05560177311532949
-0.029685401104811146 0.059872412450380164
-0.03061557107224278 0.05719558446003553
-0.029910356847905314 0.05785640105546935
-0.03078090083903128 0.05842175269716349
-0.03090722864822975 0.0577799267352514
-0.030599345743039266 0.05721791346715904
-0.03079638998817866 0.05883429953376024
-0.030251959693427137 0.05601304003975577
-0.030280606948124587 0.059501612100860635
-0.0313612031634955 0.05493129660469548
-0.03028279434686162 0.059080813622223116
-0.03054370198942109 0.05692652495607925
-0.02983737031960191 0.057977818697184824
-0.03034788706764996 0.058256780191749014
-0.03053294555106459 0.05583755690225506
-0.03044309577088884 0.05858470240757402
-0.03080117362699501 0.05707502859050523
-0.03099220641601416 0.057876564378013196
-0.03038338071920685 0.05663809106405154
-0.030142979571037613 0.057985335563859264
-0.03098359565566333 0.05761952909432261
-0.03095149639180891 0.05789408288021852
-0.030601013569590507 0.057692751771036554
-0.03047383852066687 0.05716605747233733
-0.030168678230150847 0.057361503940644265
-0.0317749321474001 0.0581209838542715
-0.030388360679081725 0.05794752238332984
-0.03114104133946692 0.05713304453684781
-0.030832754402082295 0.059496719638930606
-0.03222041194337166 0.0555675910502304
-0.030282403290552738 0.059685674221809204
-0.028845061889637053 0.05464157941731135
-0.0318115554018089 0.05911545503601906
-0.03077752381615694 0.05700787559158943
-0.029779981162007384 0.05665499315796335
-0.030725638836797183 0.057322816797627796
-0.03022973994342411 0.058709934001527075
-0.03054366708787422 0.05639656585805891
-0.030452840960669112 0.05736032857439216
-0.030600205168716584 0.05785497161689851
-0.03143588452459351 0.0581843218242421
-0.031605094995086305 0.05820784091961245
-0.02951917555384402 0.05816515931846061
-0.030596533818563296 0.0568164703135125
-0.030885734767733822 0.05784617261622488
-0.031421617112664474 0.05621171927867702
-0.0310420945290787 0.057463032869039476
-0.028807894710937938 0.05838110870750318
-0.03024735495504324 0.05829106667201128
-0.029824893527655348 0.05718216459181308
-0.03075538830162691 0.057213921021231184
-0.03136077068091165 0.057831303437080483
-0.03089547301028178 0.05718169673713053
-0.03046099120067997 0.05710031306664226
-0.03087519112480813 0.05875777273433419
-0.030470036320179496 0.05690817929091824
-0.031136457180332346 0.0580552526253208
-0.030951679479716897 0.056216219572707116
-0.030092161154982186 0.05817929836379937
-0.03130195018712057 0.05705457413689191
-0.030655105864799907 0.057674108474067676
-0.030134992651429826 0.05749497647027296
-0.03155645051662847 0.05847342020150598
-0.030885468511723718 0.05782631679629596
-0.030626112662215547 0.056859670141808205
-0.03069392891993021 0.05819878823398755
-0.030495809282100165 0.05587105235360984
-0.0324691693237778 0.058422236082620704
-0.030512625601684815 0.0571205036407329
-0.03211194220032591 0.05946841570135514
-0.027930309266802802 0.05476501988324739
-0.03040289815539052 0.0592648230686032
-0.03170508319621883 0.05560684679558342
-0.031080355446558863 0.05613612703073717
-0.030378526079890455 0.058675890643369255
-0.029646763058353 0.0580019164351801
-0.03336379536393702 0.05860232191369813
-0.030181815476605894 0.058047589815488354
-0.03137412324510691 0.058763384258962714
-0.03303859601336637 0.05620603350635939
-0.02841004429743336 0.059285519580444423
-0.030856611429486404 0.05778667680662525
-0.03298068955577071 0.05521773129406754
-0.030443886446320793 0.05859451674874777
-0.02961596494524422 0.05747020685903065
-0.02949889200010656 0.05713833582354172
-0.03153484955299963 0.05739851290756487
-0.03054719620976718 0.05836610377994983
-0.031604618541412055 0.05770333248520626
-0.03074839868358438 0.055780361170806925
-0.030594077750806255 0.05739735123725914
-0.030405670309920644 0.057547866904904044
-0.030355018620264504 0.057603062409629924
-0.03041386599345944 0.05774687111802218
-0.031228305935194312 0.05681936496021417
-0.030783710421272977 0.05845638617264809
-0.031186678515861942 0.05600962485329858
-0.03125589982401377 0.057032895205371525
-0.031047360938134764 0.05809584127349904
-0.03154817572146406 0.05697355318311276
-0.031218724709010694 0.05806027407051889
-0.031365142942625254 0.056801662257955854
-0.03114412698367404 0.057782096942352534
-0.030690673947279774 0.05484690045261037
-0.03409134148104967 0.06692452267587762
-0.027323555769026564 0.046543300265867005
-0.03239975622952838 0.05555783890198812
-0.03262956592288943 0.05586101860229181
-0.02810816041550753 0.05544356536035039
-0.03316072185987373 0.05958664415749032
-0.029181816968107895 0.05362626116246333
-0.03342933512632454 0.06294761537456356
-0.02820211906048187 0.05751631916122352
-0.029486936776674154 0.055291748281106334
-0.03229931246604445 0.058472960876369606
-0.029672883961211288 0.05598745993220916
-0.03458045994041949 0.061998439451718734
-0.027894053331027027 0.05489636140944282
-0.03070375298565167 0.05660666090349492
-0.028672901917614964 0.057201937866633246
-0.0295557765522137 0.06099985980489614
-0.03052548843816757 0.05386341337059192
-0.030332404634218987 0.057176123160336434
-0.029748017357506953 0.056358967036367724
-0.030089409668920767 0.05805289782428019
-0.030061382803267214 0.05708344836064744
-0.03077085262636499 0.05705620933736627
-0.03051824259640336 0.05770971913626449
-0.030683262555469958 0.0577775752243343
-0.029515257742654583 0.056363811060856805
-0.03161056498974112 0.05623181002740879
-0.030868706136444823 0.05764239903258689
-0.030184611841788958 0.055698677250337336
-0.029928025837775565 0.06092913237435743
-0.03209057499611713 0.058262581370832345
-0.031135329274045814 0.053875565117728674
-0.030715616172209508 0.057020266523327645
-0.031315549130091574 0.058396169935779285
-0.03114047721239102 0.05655540473280113
-0.03096941265691709 0.05772668819825871
-0.031294898209919764 0.05685541598904992
-0.030824595313343972 0.05759611598856712
-0.03130516632025339 0.05621802018865546
-0.029317909115236154 0.05682959626796896
-0.030857046512937948 0.05762391412969031
-0.03136442524888906 0.05697360103493482
-0.031020380808620192 0.05728086022357187
-0.03110868003512204 0.0566464858580939
-0.030258556622260978 0.05656343346909515
-0.030580948644222637 0.057627325595417334
-0.030832244092524243 0.057241557779888985
-0.02999896215067837 0.05572062282617413
-0.031392827697093256 0.05718375575469631
-0.03192470449739257 0.057303347279831385
-0.03132865280878137 0.057374693468421334
-0.02998490415682426 0.05766582046768404
-0.030427860365085668 0.0578027380947474
-0.03088188140685031 0.057417384437100816
-0.030019803965401725 0.05840407705208833
-0.03160935569695911 0.055110975507081494
-0.030740603547776597 0.05797900423774299
-0.02997687760013943 0.05915825957350579
-0.031056363243351266 0.055980701865609495
-0.031555276412913114 0.05753562602544199
-0.0298280003245592 0.056905926424099584
-0.031888679487474356 0.057982631691950226
-0.030579638454374492 0.05604436938515084
-0.03026962914718093 0.05778110401530062
-0.030230744718606553 0.057494542168680496
-0.03069413541836988 0.05656421439308462
-0.03044229445175266 0.057307966993084214
-0.029946625619212665 0.05812333633699257
-0.02995585539332131 0.05614063989907642
-0.0287540188455492 0.05692910654277855
-0.03177640321974613 0.05851083621209491
-0.031104712784414616 0.058886780135087136
-0.03154484974379866 0.05490320138805499
-0.03032345387398435 0.05919275614271985
-0.029262624261901744 0.055905174021423754
-0.0292973430535194 0.05824349433907988
-0.030477406766782223 0.05669939749614067
-0.02988572511362131 0.057980972212370474
-0.030134643732449094 0.055703306354238424
-0.0329226239940187 0.05853249751546302
-0.03121816782982633 0.057465333289618836
-0.032632241611424376 0.05757612904076298
-0.03309435218786918 0.0578246137831559
-0.030845940577594533 0.05804908729457864
-0.030174077284319124 0.05678716806570322
-0.029832230872123167 0.058835403775724326
-0.029278129560447022 0.0553039049922856
-0.029498938011954554 0.057404909075066735
-0.029828942854667872 0.057355912467890346
-0.029370120681666945 0.058209564934741775
-0.03005063631502025 0.05662482244881056
-0.030267716990239404 0.05662332346053328
-0.030181050231220308 0.05736594192346128
-0.029791803015946413 0.05855403877149995
-0.03204648532887825 0.05393487143756154
-0.03168738170928974 0.05917690646754087
-0.03335927692238103 0.05484095361095037
-0.0313626431686969 0.06055894718889959
-0.032775376052344374 0.054970525427141925
-0.030170805730570436 0.05804920578816092
-0.03238308884731213 0.05662644857889648
-0.028544942212946137 0.05789772207144245
-0.03141584514821183 0.05762572259528137
-0.027501413572672197 0.05336763262033134
-0.029000535680727014 0.059830821943207046
-0.02898656483611423 0.054211535644360154
-0.03158759793582655 0.06014463878140569
-0.03047246542283327 0.054710286265478414
-0.03043351106776339 0.05965389868718013
-0.03305183872685011 0.05565211584783197
-0.03196031301559171 0.05804879200907548
-0.03311652141666967 0.05613719427335501
-0.025596791117736672 0.057756640605960585
-0.03133473116030401 0.058578667227036696
-0.027609478453157674 0.05450283866559941
-0.029764442069187082 0.0578315975170402
-0.029928752719710152 0.05682960998888248
-0.03287729551779686 0.057074943479782314
-0.03068519444649501 0.05845693965053805
-0.03119516316698765 0.05578888845883151
-0.0299255956382628 0.05809177561135609
-0.031034004917090876 0.05670551767521509
-0.029772876732758698 0.05719579916041967
-0.030486986890757403 0.05802781154020947
-0.02937337143698118 0.056704527291478735
-0.03361512882916161 0.0571816383579688
-0.030334080834042054 0.056669657060577305
-0.0289092482439257 0.05811775534005953
-0.028520283197321607 0.057559434085911965
-0.03045122507849167 0.05689380409634176
-0.03143318094386005 0.05738884404672978
-0.031252149505158505 0.05776221356119743
-0.027732688817648437 0.0571178525133717
-0.032296422897887235 0.057419971210701026
-0.03061941333005384 0.05436905119874641
-0.03015820904053957 0.05643743793734973
-0.029767208887668067 0.06120232407722098
-0.031413640744569274 0.05829434407871287
-0.02925188375152249 0.05908418312428204
-0.03092300662401778 0.058800991672948555
-0.03097680611623064 0.05770482644079594
-0.02861909937172136 0.048302912720582014
-0.03303414698665694 0.05970589509578689
-0.03022322159917223 0.05684838527409947
-0.028810049957079205 0.0569661601517128
-0.030619120216165165 0.05565698748821285
-0.03249906162805587 0.06010957141700918
-0.030966893570860132 0.055089210327034566
-0.03076402001675042 0.05876674467800819
-0.030382872940247416 0.055956628952975096
-0.031182478218922765 0.05773192785576303
-0.030818805873773086 0.056334260216830356
-0.03180792427067752 0.05752307550754393
-0.029825088681755336 0.05533978558356506
-0.03195254687962071 0.0591627764454265
-0.030320806979055575 0.05814407714160569
-0.03300454970647575 0.05524955294057027
-0.029811081852252834 0.05791540825947411
-0.03081546621962093 0.05708520468174577
-0.031184981555852274 0.05530862425613997
-0.031235682062123425 0.05584914063978913
-0.03154175729194641 0.059254010385599576
-0.03152523457312087 0.05514854183403001
-0.03155714480891876 0.05689234418787298
-0.031228254367711903 0.05660085823396871
-0.03103778359687718 0.056930851139030236
-0.030994841251682868 0.05561662084956803
-0.029614710501381963 0.056454043641642915
-0.030006138250865164 0.05569404379249615
-0.03025107102295843 0.05622531956344584
-0.03025402733410097 0.05559739688002269
-0.0299437363604808 0.0556651646617094
-0.031328287335011376 0.05673278898967865
-0.030928791969474626 0.053068220754255824
-0.03065213801005369 0.05723180338540995
-0.03040999819632001 0.05452919660680794
-0.030479450772046356 0.055182251399445936
