0.0016451597950942407 0.06222724829148581
0.003302883154109008 0.06326235148261446
0.0013727868683708032 0.06209453106901548
0.0018375812138195537 0.06262434363739962
-0.0008442412585747587 0.06431393223916056
-0.002008386852486465 0.06292540706489742
-0.0040680601177598774 0.06453484287807916
0.0005238091943325328 0.06367961690920594
0.0033197779523442307 0.06131027066049151
0.00020097603748099255 0.06423241544989496
0.0016630713139162978 0.06448998487374609
0.0011957021988988348 0.06505700308167923
0.00019493850123374415 0.06688441262237883
0.0007835294828845187 0.055663027330918616
0.0015836994959862079 0.06535250845948011
0.0015299893797281819 0.0642734941696372
0.002010130609938994 0.0638648735244602
0.002403604716038423 0.05702082642677349
5.0701551040940526e-05 0.06880877543521198
-0.0009417442822776487 0.06399502165496158
0.0035405552716951394 0.05877221924974592
0.0014846185985932323 0.06485058682588658
0.0013537386168181974 0.06335927980894569
0.0008169799939109525 0.06531220633414643
0.0009652708608122972 0.06184031644974049
4.974427522638422e-06 0.0635261333336516
0.0002651815876700027 0.06416994949108897
0.0006063728101591594 0.06343329277984662
0.00036606156589971683 0.06325617244734834
0.00041454511742969845 0.06363744934685629
0.0007763345331080231 0.06379291558187324
0.0008320914136999962 0.06217806043617542
0.000440857345417902 0.06554123573684074
0.0011088117514917693 0.06336681881724467
0.0006508819218426221 0.06365002157251816
0.0006743771525582649 0.06333481115907276
0.0013350866814718833 0.061872076097924736
0.0018800639765742862 0.06253551030709677
0.0003631334888383204 0.063415090993675
-6.880121821706969e-05 0.06401833749590087
0.0011824364529601158 0.06365261291702269
0.0010297166066452305 0.06197061070627359
0.0010509722440697044 0.0634570585083913
0.0020880898832703523 0.0627609343226196
0.0015288126700463006 0.06219265879583498
0.0012352253744949936 0.06300386986319291
0.00048126712506996877 0.06387559776891112
0.0010874406777851321 0.06259270797052681
0.00044778555474130934 0.06312415700042236
0.000597115183125118 0.06204283665436301
-1.546260334908331e-05 0.06281510429202082
0.0006694156516749671 0.06268081670545596
0.0005759255565912363 0.06386759517682124
0.001613653075210466 0.062298163137499876
-0.0015600766371806681 0.06292590833419372
0.001383212739326116 0.06292557100404612
-0.001602425685027272 0.06084473963618682
0.0022288022933614603 0.062346012974151946
0.0011600523873451073 0.06187800202426215
0.0009493858820395287 0.061761108944297496
-0.0002011971182579765 0.06347532699304588
0.0005938851089336734 0.06197125694596224
0.0012989679600656882 0.06305830208842074
0.001002482539614647 0.06282205221173949
0.000688218521790504 0.06268313482115558
0.00041982786449931003 0.06242963613139425
0.00014241784739569847 0.06175496375228447
-0.00011028813645040485 0.06174378372185725
0.0002838287173069394 0.06201345552289346
0.001225917747211043 0.06349969308165067
0.0014950388313927278 0.06183123385515672
0.0009043159046108803 0.0623880771276228
0.0012802047053143764 0.06171513031032379
0.0008580684378821819 0.061900085186117074
0.0015518947114328344 0.06297742260656754
0.0011138864066108558 0.06255924474572568
0.0020666524425388792 0.06071373040867463
0.0007552558615451753 0.06235784776868587
0.0011937070652989906 0.0624286348526772
0.0007535177849583401 0.06186415377469286
0.0016480517888643013 0.06161715593377588
0.0019213640177956522 0.06308928692909684
0.0023314242797533805 0.061361568454473894
0.0012864119096202276 0.061235655927311686
0.0003129838811788306 0.06134794045452448
-0.0005051151064620844 0.062278580131172226
-0.00111541441131046 0.06327623299396841
-0.0004543708331014532 0.06184338724089096
0.0004368780173255593 0.061185129092133875
0.0008136570823436447 0.06368619675031613
0.002320767227675668 0.05943053483512646
0.001900868620632986 0.06058736469809274
0.000883856999742234 0.06260963474465671
0.000637584923956918 0.06274007267000821
-0.0005075328431171314 0.06025876324816744
0.0005669052302873408 0.0618945207560548
0.000396079718277792 0.06332292627488996
0.0007780854072565457 0.06325747211782957
0.0030556898538697617 0.060156722061151816
0.002003915138249846 0.0626108544292265
0.0011734505103085865 0.06182429931162421
6.061861631720747e-06 0.06254663249920363
-0.001361430621598464 0.05980660522435306
-0.001350241534806014 0.06319429500085123
-0.00014638894223571296 0.06257022336151837
0.00028213909240827444 0.06084204509390241
0.002799600463852553 0.0621328772384699
0.003248944199514544 0.061867756212176286
0.002329027734328422 0.061738239950034315
0.0004361082364064961 0.06215543762156801
0.0007414640579969829 0.06193292157049331
0.000556344428028821 0.06276425283952931
-0.00011335084688403243 0.06231893533327178
0.0005767958196809097 0.0606085037457957
0.0008526037700567479 0.06194728809388557
0.0019057177753208556 0.062473738326995945
0.0002101257826930443 0.06223218776091506
0.0005587919723452073 0.060695122639170276
-0.0004454298146596815 0.06230548330782866
0.0012023082237620358 0.06174900187418948
0.001275783201583839 0.061956516344240556
0.002277267095864108 0.06140440856494141
0.0017588663943038218 0.06169579695977219
-0.00016944427090373644 0.062166524175288854
-0.0005555063404854201 0.0619025200446854
-0.0002777243281056694 0.061019639662767536
0.0008552682218086645 0.06146101492649954
0.0009099415221858354 0.06201723458747317
0.0012869132701394687 0.062254445193783384
-0.00011735075422512117 0.06226531371283568
0.00011388491031334019 0.06299627317747354
-5.985919334993307e-05 0.06187542410888809
0.0005745200458453885 0.060683083093752546
0.0017266516090061104 0.06360960791684818
0.0017050046063700579 0.06225480422427339
0.0018768727701612385 0.06315582755581346
-2.4878203157206215e-05 0.0598028126224452
0.0012164823429798872 0.06249986535406089
0.0011208867064164425 0.06302960463803782
0.001921845071059497 0.06302067914040528
0.0013873928341648877 0.05986664010098415
0.0015372502941682683 0.06227816782218061
-0.0005214871118888751 0.06251410209768467
0.0004704803070590992 0.06277066980931974
0.00010651047624424866 0.062220623526464805
-0.00022289955027577496 0.06289109327465266
0.0009597746149312743 0.06165045031972523
9.381813691681194e-05 0.06343790025121505
0.0011019164979142095 0.06147936154085616
0.0012032836577186897 0.06360917582256227
0.0015519361311991855 0.0627292217781434
0.001288937313983867 0.06315346046181687
0.0004256425511478378 0.0625799080399962
0.0001524814589874456 0.06347800147550893
0.0005691893732278734 0.06169621837905788
0.00046927073550726353 0.06328936039453455
0.00043243062979480065 0.06171134559053178
0.00040194696794777773 0.06272279723732206
0.0011070976346725138 0.06262234459999112
0.0009343879311813005 0.062391792238926505
0.001374171328957171 0.06247615364649724
0.0005814433250992835 0.06298831647429766
0.0007019321220013038 0.06167754586914716
4.874565858999612e-06 0.06310051426677106
0.00023823626181669957 0.061320285511640996
0.00023988190191824056 0.06260502454465718
0.0008790922288856948 0.06281802862027348
0.0005315842498534382 0.06151990340792275
0.0011134860695072527 0.062289422367114614
0.001371724858743895 0.06225760756934014
0.0012603000499549419 0.06283232652452116
0.000527340242666461 0.06305205669296572
-0.00020101896118679408 0.060587526408626816
0.00044806714191974323 0.0623492974178463
0.00041730633814567736 0.06307149714276834
0.0018322261059315337 0.06146087724293721
0.00038779721099599027 0.062191590023858725
0.0009743297355833264 0.061901803156323834
0.0015290273392693406 0.06278133857124764
0.00026865090251580737 0.061449331972511304
0.0003128349766373696 0.06285987437312741
0.0004573065809508319 0.06208696828060263
0.0010209353427282665 0.06202588858654985
0.0004918368226983355 0.06367387582079505
0.001527133919018946 0.061691855094045914
0.00018173099937456721 0.06217148475634478
0.0007650431454610095 0.062460695782116285
-0.00033180448154864015 0.06171877849502656
0.0008957190477253477 0.06306741624337082
0.0008570008118507274 0.062436696391397775
0.0003853830232582456 0.061618466581949874
0.0008040858151978046 0.06291741607253894
0.00011221121527480327 0.061471494129543516
-0.000320854519595435 0.06247087492781796
0.00043640624264643796 0.062459637427767015
0.001897440636500769 0.06210287678096456
7.485401195857656e-05 0.06286636646923101
0.0005617440873785882 0.06238359318037508
0.001949188179829666 0.06325182958290405
0.001301820158957561 0.061551958232279394
0.000985345967694451 0.06151179752099019
0.0008991349156896311 0.06417898351390146
0.0006079517839370739 0.06127574735626236
-0.00016840661635567512 0.06270549390076847
0.0006024723016448876 0.06126052841619663
0.0007578094282919886 0.06245421759422305
0.0013463156863030585 0.06174425143121694
0.0013598330885317457 0.06263739279999321
-0.0005465456438812589 0.06298105365084368
-0.0003725706783883993 0.06075382189512131
0.00037459543833124297 0.06296463927123393
0.0020310146006881653 0.06163332032868181
0.0012738895010018444 0.06306241070668413
0.0004904727862565638 0.06204095370036607
0.000936734941632978 0.06197471255258154
-0.0004416682193778502 0.06221631053473149
-0.0010482012770899902 0.06279702263009464
0.00024450975706558943 0.0617247320669005
0.0005963176797862488 0.062098773438563806
-0.0008706370818497688 0.06212276179101224
0.0007283913306321606 0.06271434058658416
0.00023706301555425496 0.062106124153862255
0.0015491596460911541 0.062235418077890084
0.0006074309713191197 0.06273250967599404
0.0003343693729638171 0.0623543866176763
0.0007219922300908052 0.06283397638908768
0.000460196734906498 0.062164386884210734
0.001547279085826355 0.062615972347374
0.0004965501790987342 0.06319615469861391
-2.3391018909686527e-05 0.06191903344099377
0.0003789693136287721 0.062407248344099345
0.00035937727658966537 0.06269979783473274
0.0006310996504576716 0.062466712739104716
0.00098223970233232 0.06202669727971784
0.00043729634592403616 0.06388586406744907
0.00242112448527047 0.062104267512773384
0.0007045219497563461 0.06329487434173271
0.0004827725779890397 0.06274218542467853
0.0010200210959471576 0.06299475155683139
0.0008843717679802333 0.06261881586549274
0.0009229776714090344 0.06221322759026533
0.00042292493861358776 0.062279212197647385
-0.0005084617017419519 0.0638409196997722
0.00028944499582563357 0.06209612592759024
0.00124547586783667 0.0627709352532972
0.00023108591549058505 0.06238248445137158
0.0016457211705928482 0.062439656910669286
0.0010909309727654484 0.06337460046870032
0.0005403025359290315 0.06190987531491539
0.0003753163549017474 0.06292503251331745
0.002303042476016922 0.06304648062205094
0.0004757361002762188 0.06191269132715656
-0.000538398373069811 0.06261215192301779
0.0003779724287760154 0.06307627600544415
-0.0013491247909583406 0.061172480565059265
-0.0003071083610226375 0.06422804858641502
0.000534492810145927 0.061816636515979975
0.0015139596900122058 0.061774439287845165
0.0001941696101928573 0.06214621564947427
0.0007064839484364968 0.06264844250417374
0.0007875496623378497 0.062043101091258726
0.000528679459902039 0.062407755962396075
0.0013268830068876667 0.06282781957897417
0.0007105441786699404 0.06213411466832004
0.000984616230988649 0.06292733061336726
0.002128496495800313 0.060253799839977654
-3.693537510893966e-05 0.06278590891949594
-0.00011241443692534391 0.06360897810441753
4.439702993703273e-05 0.061394510340816846
-0.0003415834563691815 0.06370805794417884
0.0008518564525964133 0.06053623836125062
0.0007873765313451651 0.06328378817929421
0.0007926236691603514 0.06083040787532852
0.0004541034747809411 0.062393352058210685
0.00045296130964251474 0.06223339205191199
-0.0006691338037359777 0.061869313131375406
0.0005477906688759887 0.06113077371514471
0.0008031082342915032 0.0621962530384836
0.0004257529109379307 0.06236330411990383
0.001496029084972499 0.06212034086603686
-2.8907486655379948e-05 0.06318047881387275
0.0011767062272640544 0.06277569159124603
0.0012488548714312368 0.06280122827098707
0.0014735662320727386 0.06308450572712294
0.000291934558084541 0.06074570919661988
0.00023550969206124865 0.0625332413065149
2.1181763955527635e-05 0.06266541242090025
0.0004522293128183339 0.06225923757135128
0.0015776586266084188 0.0627439849761728
0.000404503835875503 0.06279819407170435
0.0004774510661050939 0.06277317344683327
-0.0002511163694049537 0.061910634908137044
-0.0004962318664049684 0.0626278496319352
0.00032403384227453966 0.062040378022918355
0.0013700556974541207 0.06275414254551422
0.00029520194812365785 0.06295289910984465
0.0020354741562553617 0.06344290705190665
0.0008524190928133439 0.06323376391480835
-0.0001636896089623821 0.061718540114429746
0.0007320799443457891 0.062256822115766844
0.0005997906199853072 0.062280638055546025
0.0014302305101450141 0.06310156589986034
0.000832479476475181 0.06203308536370962
0.0013302259741641374 0.062416032153828474
0.0002076759940817744 0.06249101425215971
0.0007383708318135195 0.062322030294100064
0.0001884052413857317 0.062443949564582726
0.0011580860652404736 0.06091740013001341
0.00020748147838997068 0.0629540418376859
0.0016694939850873877 0.061927579412269076
0.0011046048440210236 0.06314012531840181
-0.00024158454541304848 0.06179038989766457
0.000790466484776339 0.06299583154900885
-0.0010563714301953936 0.06226080986034628
0.0009739549333332501 0.06123875542085662
0.0004798846777069564 0.062218293859631804
0.0015889688297534236 0.06233479712737329
0.0003471973395146079 0.06116517712048193
0.0011078099624846002 0.06290030319397162
0.00029437644263692955 0.0636251490303434
0.0011545225077499548 0.061557263393250364
-0.00014595819257553783 0.06140939669683472
0.0012187859098346417 0.06244489442512187
0.0011159381737609955 0.062185972683508076
0.0010108364546424012 0.061923122169151815
0.0014682777080077883 0.06262546361964456
0.0016314309820776689 0.06296306546771042
0.00097867297431037 0.061766115150418036
-0.0005666928167240223 0.06386490591193135
-9.170985068963043e-05 0.059520511850160676
0.0008057378372326798 0.06266372642604363
-3.818646785144677e-05 0.06298653394315097
0.0015650417151354228 0.06267578251689528
0.0016139986989072413 0.0621177046081451
0.0009138788723471025 0.06233786701700712
0.00016422641211779818 0.06302663694982043
-1.4858549364641857e-05 0.06276951901281032
-0.0005218953381134206 0.06358022243066737
-0.00033628598686923344 0.06055638378284352
-0.00034954502336172373 0.06209977950662045
0.000721472871623826 0.06251627752801721
0.0003603920073906655 0.06210952003393251
0.0007521464688359115 0.06204300841202555
0.0011613639760109686 0.062490097578830686
0.0011650989538690686 0.06292179637386193
0.001266775720420459 0.0620654198921113
0.00018176263720655512 0.06252091422937163
0.0014501546226790354 0.06283144585824547
0.00037880672275298136 0.06187155574549648
0.000200383609558253 0.06136632058331122
0.0014094353012810631 0.06342020068508787
0.0017343459454379883 0.06185593279829145
0.000970452856840387 0.06264743449107986
0.0009661981461275507 0.06265553792445107
-0.00015918445423755267 0.06294654048114064
0.002151867753113287 0.0627510327607503
0.001214686787042809 0.0631977307687543
0.001710189760069411 0.06385963836923687
0.00204524751960692 0.06008602861420616
0.0005461839147194759 0.06406009994730462
0.0009165192713719468 0.06268662776803309
-4.192009648884901e-05 0.06277878770879926
0.001267030060563317 0.0628353798029448
0.0019082838918104972 0.06097709565493954
0.0014430233910671247 0.06269494367723234
0.003581674510091214 0.06109125773334152
-1.1232432039130075e-05 0.06338188119942507
0.0005222553524390928 0.06285301129454086
0.0006105314241930601 0.06162373768543512
-0.0005967806065888459 0.06511317003219515
0.0005430500196463711 0.061245725741948934
0.0005211921866065967 0.06283714272634651
0.00020049023650688287 0.061353642091925356
0.0006383004723917538 0.062366053392268264
-0.00022058166089765612 0.06325373670205799
0.00030844224790802476 0.06138479766073131
0.0009936009063005388 0.06228220028174554
0.00030061844455649307 0.06217490887087114
0.001130921795355691 0.062029740495991706
0.0008157143225014513 0.06220447493555166
0.0007111415361165194 0.06316165346573706
0.0010459338552229885 0.06086479979034971
0.0007077448039680273 0.06464915269784428
0.00017973058734991124 0.06064382938018183
0.0014802381960222644 0.06243345809075902
0.0015035357275061077 0.06189060180447421
0.00012264165780600123 0.061533188923251506
0.0006748112301312899 0.062455269992903475
0.0015721750991622117 0.06208197918786969
0.0013994054918899622 0.06349016379951329
0.0005641010728014151 0.060780382402290514
0.00028186671583805417 0.06261055251386245
0.0013643900651361621 0.06269875550280198
0.000488230207245385 0.06165163794849789
0.0001239223309078552 0.06360229424418425
0.0005109289184981325 0.06054324962618725
0.0007859249017499077 0.06261656621927543
0.0015207652630589586 0.06327331629180617
-0.00015026653794808931 0.06269035151215747
0.00024036056871335615 0.06259130972788048
0.0014362706022726622 0.06036211270450838
0.0012634950305231638 0.061939598983191194
0.0006164408382734014 0.06233970161974951
-0.0008842137008078354 0.06259287009817945
0.0006351156962501985 0.06194036644749441
0.0007845478792899777 0.06126876325314519
-0.00018973031651546655 0.0630392695190189
0.00028537719238872633 0.061879435068583136
0.0008750704644989692 0.0622007729677438
0.00026727073307592636 0.062099211513366684
0.001767849940930646 0.062157890062463264
0.0011275638839184626 0.062407557222793744
-0.0003031147729104615 0.06213916756338951
-0.0007540400953767526 0.06248383191619018
-6.686261120623753e-05 0.0628591587384832
-0.0006835749575491209 0.06192029508369963
0.0013041246794799899 0.062434648430473375
0.00040556064821100496 0.06244514235077277
0.001160119302240463 0.061636154947539004
-0.00014931468819494483 0.0627968500963045
0.0007128477275333521 0.0633440823639206
2.093672860610952e-05 0.061915731778894936
-0.00026540775528131454 0.062293642409039854
-9.259510156242427e-05 0.06240339939985691
0.0003915365314853918 0.06366486240457632
-0.0009645910200482641 0.06133305335370105
0.001036897237611755 0.062404532613387034
0.001129482312361289 0.06229389371228407
-6.843003340643253e-05 0.06330937796289278
0.0002914490595489344 0.06251759108268025
-0.00020696219306700226 0.06254280161517296
0.0005009355930934399 0.062328941288414666
1.8368054866026162e-06 0.0617748502898436
0.0005287672534471394 0.06181091251282185
-0.0002912531760710362 0.062289382628200676
-0.0003048473981833782 0.06530830162592212
-0.00014117204122188632 0.061430442217681416
-0.0002550514484823468 0.06296313056344323
-0.00028495349568535486 0.061795214712738036
0.00030626207641629676 0.06294582502497544
0.00017160993654811735 0.062051326125204656
0.0010866088421069633 0.062319047150017196
0.0009751383711809163 0.06223811312052781
0.0005910815211871267 0.06378623313376748
0.0004099555167432281 0.06269080254428801
-0.00026299482131528044 0.06253010274831645
0.0009788049873588854 0.061807429671310435
0.00042290525030046905 0.06359226596234531
0.0002798104934747768 0.06297236325909412
-0.00010157451566719655 0.0625789977837163
0.0007417097241139634 0.06100676750685792
-0.0003358444013895918 0.0640040491980078
0.0006141460983138496 0.06220678084933824
-0.0004549987895771084 0.06204469412978893
0.0009423272856954219 0.06237583262838427
0.0004002861822223133 0.06207496204115377
0.0002791773614549964 0.062237640188649704
0.0007954697536017158 0.06385625482126685
0.0007527662462292091 0.062314227435127115
0.000895027531502968 0.061912910610640595
2.809236998401604e-05 0.06208217972232229
0.0013405601241670423 0.06368488125175316
-3.361414621464234e-05 0.06273527027509336
-0.00014295529885061022 0.06232800856678074
-7.438841797023643e-05 0.0624071162988102
0.0003670602330509559 0.06340714996062276
0.0009445400673727296 0.06162700294105079
-0.0008060043686844605 0.06328046956082485
0.0006172065072930534 0.061525539118399045
0.0001921038219794141 0.06258542871053581
0.0008063545882665193 0.06192965291623183
0.00037860230903430034 0.0635723564354382
0.00010954177728213655 0.06196544399794353
0.00028578450378430667 0.06287661590499712
-0.00040730348321355546 0.06238734590265867
0.0005198530710768534 0.06309791134157124
0.00031236152493539435 0.06141772330997615
0.0011596251800555755 0.06351535446408092
-0.00018116892543044213 0.06253512107184696
-0.0006313372848024386 0.06286910532397823
-0.00046228689971131685 0.06165954684228066
0.0002554096094871082 0.06316586184727231
3.268773506658485e-05 0.06210043788950799
0.0005996219709909316 0.06270987927547318
-0.0002718028030986924 0.0618460659489803
-0.00014908290770224326 0.06246888874364838
-0.0006720919171592137 0.06270486653889247
-0.0017993997270120392 0.06124973748938363
-0.003934211965937087 0.06173848029442404
-0.006288471178449722 0.06121927081053298
-0.0015261458714889466 0.062474508971940027
-0.0009006153397739646 0.06350378324374702
0.009176888675532381 0.06506495082953707
0.00851279640383228 0.06088005085749644
0.003146548865109778 0.06107588831838835
-0.0002647536407905243 0.06541622082957761
-0.0027217778755441006 0.06570131281042287
-0.004116049493561029 0.062469788414516184
-0.002499924135667744 0.06254327888184559
-0.0006221885311812475 0.06055782028839625
0.001484494655088162 0.06325081298373476
0.0016143934580292781 0.062349217547077854
0.002494674496380111 0.06220165295351961
0.0012949871215453546 0.0628831931625335
0.00215946576658059 0.06189750816367763
0.0006250193308953277 0.06369386577909326
-0.0014003299461729886 0.06323553503787611
0.0013191952429689596 0.060714784118516454
0.0005375370916529711 0.06198801797282756
0.0002966487091163525 0.06241493515778647
0.00047326087373116867 0.06247667675792053
0.0006773325787825524 0.06217596188386128
0.0002654693504235018 0.0616683421440178
0.0003478446455569828 0.062171458649641534
0.000769045883626026 0.06060200782608778
-0.0004449007137119383 0.06209401472250527
-0.0002482930323985952 0.06116388501000554
-0.00011680524865812121 0.0620029331589171
0.0013897293685730429 0.06408069549876201
-0.00020077196002827018 0.06284473704158251
-0.0005530027409778402 0.06141569342198179
0.0023466512870691132 0.06328032006034352
-0.0009970574152402753 0.061769180470324606
0.0006295973002608275 0.06109961324019837
-0.002135523871868 0.0653575283110139
-0.00300970076614486 0.06247885570521601
-0.0027883516691345877 0.06062138926706835
-0.003023582079214853 0.05737904627535713
0.013067823310318558 0.07105728542885976
-0.0016761301736660517 0.05798664502048863
-0.0052215649423583395 0.05971070219253445
0.0019780855812364054 0.060690684556834865
0.0032265668265101573 0.06579285122425778
-0.0007307798453581784 0.06088731259473286
8.166452743853334e-05 0.06465441793436928
0.0034063669804049717 0.06536117143605087
0.00026159799315733645 0.06359114286217422
0.000318135737476603 0.06290343096543256
-0.0008706613128568455 0.06282739001562994
0.000169066493630984 0.06344677396725813
0.0006462218378320804 0.06074117880755976
0.0001405321840320245 0.062422745422091766
0.0005075519678976841 0.0631669024904284
0.0008388384054769191 0.062101623148711
-8.612906599815735e-05 0.0621145017678872
1.1735619603371779e-05 0.06303912888695869
0.0006419157649321088 0.06288756158988935
-0.0004097454721908537 0.062027502893916744
0.0006198994364110672 0.0626304916707325
-0.0004084339120101234 0.062333464574027844
0.0017629318159702902 0.06361998070733184
0.0001082861064775377 0.06284624573356097
-5.145728897119634e-05 0.06109813629354051
-0.0005347510258760131 0.06231388814251711
-5.5572720809936305e-05 0.06246633456953861
0.002286299604962549 0.06511693101361256
-0.00156155891264507 0.060096456044045746
-0.0006152453841750524 0.06234719594730383
0.001973514888812568 0.06526942929901831
0.0014340993898207914 0.06447024096142946
-0.002449171685270643 0.05873076468881906
0.0006443381770074828 0.06286309992260493
-3.6154338375919345e-05 0.06125069357394937
-0.0009463320868270718 0.061463393342227016
0.001432419698528465 0.06152768386797454
0.0004107574153023232 0.06324010277772692
0.0009259137320805945 0.0635947946447097
0.0004890994595813866 0.061631135209805524
0.0007868746190242207 0.06348775385285106
-0.0008531057977605675 0.06216922770299456
0.0011069233786919312 0.06303157821986712
1.3857527344474443e-05 0.0627506569791056
0.0005496915954011188 0.062217714153303974
0.0004958486413529552 0.06315911375069456
0.0001596336100286415 0.06227658939537513
0.0006471970024807053 0.06348137333594668
0.00014020905997177893 0.06286194472496116
-0.00010608273339271154 0.06260533223902583
6.81518669942453e-05 0.06161061822672838
0.0005339811784075763 0.06261362947969058
-0.0002806928627781726 0.06191132366226633
0.0013460677317078413 0.06352090387241267
0.0001809839446054659 0.062265100077744065
-0.00011949451249373359 0.06292903937716883
-0.0001738072473104384 0.06291003309248096
-7.69189766306258e-05 0.061916459464086596
0.000447360738460776 0.06335454742923581
-0.00013956704274346692 0.06284902234119545
0.000165234042855982 0.06328407268216658
0.00022928032453377496 0.06183549424907682
-3.791619682611946e-05 0.06321020043613075
0.0006439274863350771 0.06251276538142699
-0.0002282667129579266 0.06236211827758349
0.0007901584606764891 0.06147104955372691
-4.1962271234617654e-05 0.06276845713475927
0.00038147025166805626 0.06264973393080915
0.0006036015485634608 0.0628842833958216
0.0011008394141234987 0.06250565214266852
0.00013991368456938574 0.06392034526546593
0.00046402660526059965 0.061642415045052926
0.002455917127425357 0.06298174498320482
0.002399881851212482 0.06407195418973628
0.00027892043982007987 0.06321925942651947
0.001120342249176249 0.06265250138029584
0.00023000087399881707 0.0631609765398375
-0.00022051499118980883 0.06255710525905074
-0.0003260797597469528 0.0617127519971707
0.0018845270562201054 0.06202047206572199
0.000824400954047115 0.06307841153845169
-0.00013311387014725267 0.061854933905169676
0.00045784406513319983 0.0627313342412696
0.001114148593747092 0.06180592879228426
-0.0004462801886276754 0.06259169588862896
0.0011642043110926953 0.06361072692185817
0.0012307729463973405 0.062446672750922486
0.000396305825241014 0.061297210242104064
0.0005643785623203352 0.062426812634013465
0.0006879237853455976 0.06254859304328071
0.0038466953731136084 0.06157783939441859
0.0033063988284365176 0.06347592579015333
0.0012663147251940586 0.062227989636004025
0.001799313928675425 0.06258335404502509
-0.0017315098574928207 0.06094424103736325
0.0010972800440264482 0.06233643506517557
0.0009846177813370126 0.06293986787564361
0.0005421131436026509 0.061366168089307574
0.0019965265317969418 0.06355922781729913
0.0018429532601527167 0.062109858667978204
0.0023931125532607664 0.06183274978395055
0.001279202952215272 0.06337766316650835
0.0014068576834369156 0.06298123635299709
0.0024511667093186206 0.0630650390074849
0.0019579667558114657 0.06325011523871744
-0.0004550045586530615 0.060353920672105946
0.0018032478601788231 0.06277038159540767
0.0005539865330682296 0.0628125595298727
0.00038645852837562375 0.06295031984283668
0.0012136591912264225 0.06254007254902945
-0.0010946713378724836 0.06212085934616436
0.0006288919147499541 0.06482721726129555
0.0012953938854467287 0.0601761028138172
0.0015486706511765834 0.06332866510570719
0.001961755534130513 0.06195741144577345
0.0005660898401133995 0.06285445177384559
0.00099017443562518 0.06280440281159634
0.0015626408868120514 0.06215613733054633
0.0009462807634765362 0.06286984281970205
0.0005117762350909799 0.06265835943795169
0.0003873182713862687 0.0624395194208804
0.0012135907617095675 0.06314125138697797
0.0007852078429119742 0.062439330586729194
0.0021419370557539657 0.06346389162169781
0.0018518283583900778 0.06326470410273895
0.0007474958702839672 0.06043775000356817
0.0014865039147653556 0.06298291901410842
-0.0003225524927885923 0.06290224900703718
0.0009145808170129936 0.06280865371474538
0.0007618759991016976 0.06360211592994665
0.0008830178051200156 0.06187973838955281
0.0006390705605817636 0.06267115449546364
0.0006363391344590113 0.0631111033441611
0.0007245449912774791 0.06369154338332157
0.0019494604882114956 0.060913056925135226
0.0008509799831836196 0.06319973690926291
0.0017887382111044844 0.06290856177091682
0.001197456876568458 0.06145189190893925
0.0013067457290721705 0.06394709642055858
0.0015982016670053958 0.062350277260636536
0.0016115269573185997 0.06321926541385255
0.0020247420845940396 0.06324903116955412
0.001960794541005081 0.06395071065709752
-5.93735841460212e-05 0.06118020443483414
0.0010445799957838238 0.0629685855259134
-0.0012419638581867435 0.061310127323909794
0.0024825551316289933 0.0642891174242481
0.0012362941029068607 0.06439717266477137
-0.00013539023843845473 0.060465163068160035
0.0009925821635650214 0.062172037476503086
0.0006675904257745537 0.06253772657443242
0.001875408769345735 0.06205056455312992
0.0016714980078224168 0.062409147153849445
0.00317106274996499 0.06201643705232969
0.0018030018822527971 0.061582703691477295
0.00013516489992580847 0.062396158731286414
0.00015131378842316804 0.06121069694552479
0.0002440768973266845 0.06230759186856179
0.0013696314776601368 0.060322239346839404
0.002466242969295278 0.06040983053495182
0.0015568513081105767 0.06122626255127424
0.0021523983976263934 0.06005192435424318
0.0020722819016250026 0.06210077413968258
0.0005254731855948366 0.061260460945837994
0.0007404525976587792 0.06123599274914056
0.00039023888643787905 0.06175008063943373
-4.120086449658448e-05 0.06152930518282336
0.0008553660695511042 0.06180829930483962
0.0012393963042669001 0.06130016606686302
0.002203477117014161 0.0627109578152318
0.0016959453214191959 0.062253667009112015
0.00036086919485614835 0.061739612908511
0.0010674876192603017 0.06272185037491958
-0.00021344185956615348 0.06292632789898307
0.001815015837320461 0.06139116147397568
0.0017586784301074961 0.06196449504110153
0.0015046399363196402 0.06251031640501022
0.0014294843363976822 0.06294663772826121
0.0019845169725545304 0.06271591092716018
0.0014265799476146993 0.06370478514179374
0.0010548169057710138 0.062012173414064356
0.0010810871014345896 0.0638065074752689
0.0009593128014590887 0.06249395358693306
0.001966891438554462 0.06364960923947556
0.0012330403439146376 0.06296521284168884
0.0010427116552904573 0.0626317152272295
0.0010802988391329406 0.06510180431745534
0.0010871626633673671 0.06228721695709245
0.0022417056072318864 0.06321179447664856
0.0019582881150684954 0.06350850242767021
-0.0001586789258147068 0.06272121358613277
0.0014142921544706023 0.06293369188316307
0.0013145203678234796 0.062318675630823564
0.0009092927867975602 0.06299837400943527
0.0008810850248209372 0.06307305601981068
0.000527463112856362 0.06211034369607922
0.00039191024620326836 0.06210191170287534
0.00010229242673698465 0.06304170057382415
0.0008152621450625182 0.06165775431076877
0.0016238153480962018 0.06287903771251697
0.0016812822162737134 0.06181390063806909
0.0007559481337074785 0.06304991685532153
0.0014679708299268936 0.06223209453198693
0.0010998632885117487 0.06262126590085866
0.00046956058273955187 0.06146627345708451
0.0012695117494528826 0.06151593392925743
5.0932264986921355e-05 0.06266309219486983
0.00024441582552991656 0.0620562806034481
0.0016274549778603677 0.06379872356465462
0.0007783714717856105 0.06278130566672098
0.0009558691232840547 0.0611800471317185
0.0004635196893045465 0.06290234726346795
0.0009211954699695785 0.061875032535070276
0.0015341372476083744 0.061991637454863205
0.002066641780077082 0.06138526461021239
0.0027453738966501315 0.06408880720035044
0.0031586524958575144 0.06286369574419921
-0.00031095936153111535 0.06037010111064252
-0.0002697055777595037 0.06303315510785286
0.0011270930492393305 0.06305700227006446
0.001209614395741949 0.06142593837415307
0.000531394790528928 0.0629982558709989
0.0007068332700192748 0.06182143310990003
0.0013988026664087608 0.062374924421145075
0.00021746995593556473 0.06181170648794705
0.00241963735612811 0.06201812640368405
0.0008614561440355786 0.06305762001897604
0.0014367739760446537 0.06317971863268519
0.0011820621487722734 0.06077561870982913
0.001316980790532954 0.06260822040443777
0.0009465035431478717 0.062081203600205595
1.6200857426261137e-05 0.06221404721931108
0.0018957877207557029 0.062341015925927404
0.001190312324557177 0.06261055455076554
0.0011172165002161678 0.062058564937650565
0.001370578566007568 0.061535092995280885
0.0010428866261160477 0.06227801964026343
0.0019259282705893811 0.06214582244235341
0.0011620946128035117 0.06215592214591621
0.00207535695709307 0.062426590521609884
0.001098867762148785 0.06282857545028749
0.0016485638426909626 0.06182651653384537
0.0010618744175125688 0.06303671852999689
0.0012706716722918378 0.062431611101572984
0.00034078966165170844 0.06231945610061325
1.655237135512501e-05 0.06248449719688649
-0.0008276211337346776 0.06316688182235493
0.001530751869370569 0.061456337907027606
0.0013790306003868408 0.06317169867127333
0.0016979899389895185 0.06228804422026686
0.0017388451873376308 0.062071747106477074
0.0007592634463166464 0.0629887586848656
0.0008298071580622422 0.061946684727676796
0.0009219279119182591 0.06300894189653046
0.0011428856955085654 0.06253862646903703
0.0006084811211121456 0.06277501159270367
0.0010254614822201476 0.06172531754356121
0.00036035769709868645 0.06266362351814476
0.0005558156372318223 0.06299419057347917
-0.0005182945068250063 0.06205539956553348
0.00046160214481506985 0.06260314365084714
0.0009167826333309845 0.06254279993744101
0.0013486660829217026 0.06362285955030074
0.0011937343807749638 0.06152109252853939
0.0007399978142276133 0.06292464315673137
0.0015942608393195445 0.06169935659526589
0.0011060684620062614 0.062482801393758794
0.0009451492157945482 0.06259036959145377
0.0007641439056377316 0.0617670233182714
0.0012501483582052636 0.06177451142402886
3.307092360451975e-05 0.062271962663361616
-2.7883357501579803e-05 0.06167501748506039
0.0006107189647154808 0.06186704557478602
7.043662689251023e-05 0.062011331987777044
0.0009885383453858872 0.06204670514410045
0.0009413802072280267 0.061646113739407274
0.000514702379281454 0.0621324657733235
0.00023394659934226902 0.06193135359425335
0.0008581498599629402 0.06156547359290228
-0.00037830368362204523 0.06149950377488085
0.0008224311708141304 0.06143724222509635
-1.3530893354871294e-05 0.06206186036441137
0.0005779279731444771 0.0619051498516698
0.0010243578698263481 0.06284208738037696
0.0005262223181980927 0.06136978028004232
0.0017908614939238544 0.06218333611987266
0.0022547050260553966 0.061681124735502205
0.0005874583706807976 0.06205424875361705
0.000604766076533949 0.060713101460807065
-9.293917364173662e-05 0.06101788687254257
0.002506273617420453 0.061019568199821086
-6.46812547085724e-05 0.06165279731448732
0.0016015475296234927 0.06295643018658455
-0.00029935661065062184 0.06112355645160057
0.001607926159660624 0.061338275451952876
0.0011596764148103268 0.061270578265112355
0.0024319546717414976 0.060302809223383005
0.0008459522271251109 0.06131561525982994
0.0020646904321287816 0.061461031618505316
0.0007248140604588123 0.061279072334208
0.0008760153969210732 0.06114922926337214
0.00024012922174272006 0.06083685359376596
4.869165499944272e-05 0.061209232370121394
0.0014548244765772208 0.060865478466286496
0.0006981938613696663 0.061247111726020445
0.0004791814550091384 0.06026604010272392
0.0022390209952957135 0.06020291821631414
-0.0002453847241452693 0.06417920361451075
0.00013572563946791238 0.061023011426088306
-0.0007495333929519316 0.06045550369263726
0.0001150064725455582 0.06038115420918051
-0.0005871599152007046 0.06232698853462888
0.0006775547016770155 0.06199371053006382
-0.00058351915765106 0.060557110118511795
0.0007531508404205293 0.06000037607127036
0.00039288993826382297 0.061078135609702947
0.001666991986829864 0.06148010841206282
0.0007231664739253164 0.060864124589379245
0.0009184952615350593 0.06063628180636678
0.00033200983732483043 0.06123861047879671
-5.967191037648326e-06 0.06076860619165787
0.0010111423338005406 0.06038171137386779
0.0003060892919449394 0.06098170940078691
0.001135943099267369 0.06122997278406435
0.000704456312817299 0.06070730533234832
0.0007526972285352065 0.06289532897137846
0.0016757510638497116 0.06111530805895611
0.0001392328860605977 0.060984369696609655
-0.0005540888436767434 0.06095905504938877
0.00041015336272581457 0.06144881087231631
0.0008890888038068645 0.06267935122271369
0.00014291041639281823 0.06145015448862319
0.00090066134873131 0.060791281256453236
0.0005912595950639359 0.06162843351821086
-6.0648729095077666e-05 0.06078007842501783
4.0933967600877835e-05 0.06132250429537485
0.00021349161475632365 0.06048295289720125
0.001644789171575959 0.06312890820087676
-0.00016773901440721595 0.060762769639710126
0.0001315519455474248 0.06124912599880013
-0.000392365117047936 0.061354570775357734
0.00028194396024081893 0.059819234925202205
0.00029923452128196096 0.062243102388135976
0.0007101684298662682 0.061180383680862385
0.0015187612566161454 0.06035239147355993
0.0009109214047876325 0.061445537879660075
-5.270314610508753e-05 0.060705041992601586
0.0005505760698697529 0.0616640383738762
0.0005446468251738106 0.06114525667974387
-0.0006550549467643722 0.061296272763412055
-0.00016181465957810972 0.06184221898370797
8.293012940375783e-05 0.061502849875451696
0.0004724249373802437 0.060587479983622086
0.0011174144409482802 0.06122562336629063
0.0006902729927033106 0.06124759933488284
0.0012549633211034975 0.06105714347783593
0.0008050051105405673 0.060381267653924334
0.00024139141567689273 0.06159690686765802
0.001182355144953665 0.06086249597588807
0.0009418889724233607 0.061417011428847215
-0.0003778377215463173 0.06118706211106169
0.0007701849361063072 0.06119435723961915
0.00043795206399708034 0.06042311166807264
0.0005414943441227268 0.06137515798700162
0.0005330885390231674 0.06117142830753659
0.0014364224719277292 0.06000551779849435
0.001719356278526955 0.06099610399511231
0.0018904053311502855 0.06077104494344572
0.0011739964399855966 0.06101485018837001
0.000841900684574709 0.060020538873253496
0.00040327418802623555 0.06071396655589663
0.00037839717966264494 0.060726324560304204
0.0013017099442910046 0.05989303649032092
3.2592195061494425e-05 0.06093578551103147
0.0005605891305265377 0.05994634292423147
0.0009008033068831148 0.05990065161977594
-0.00027486352962323435 0.06029161617102448
-0.0007485957260658866 0.05972533116243901
0.0002792893941543223 0.05934690188698895
-0.00012345741863639854 0.06046815521716016
0.0002791301057707106 0.06000271899211969
-0.00019089166943833148 0.05876512095714666
-4.8818873924816146e-05 0.05894870254423097
0.00039785204248993927 0.058919530381661825
0.00041411840824460977 0.059355783903193474
0.0007805514766863197 0.05840346867007913
-0.0018640963307452905 0.05870076530513364
-2.2440778628907317e-05 0.05792516547817535
-0.0030685247054707465 0.05649195295882699
-0.000862202041218384 0.05760176368154575
-0.0027939131666275697 0.05674969834033257
0.001349297664049228 0.059545364269760495
0.0018808379612730054 0.0572958036194879
0.0034147930169698536 0.05780127485253979
0.002670601143221374 0.05968899768772236
0.0012289860564845996 0.05646607789361831
0.001840900897354985 0.056992416545256844
0.0002941972172472995 0.058276062354200645
-0.0008521762657295751 0.056466329675044016
7.681724035304982e-05 0.057160187135848875
0.0004982327460402759 0.05717591257856487
0.00010798822306198278 0.056886899939927196
0.001773763957935437 0.05686887764746325
0.001193461141901185 0.05695025103738467
0.000808447216138871 0.056162669525341394
0.001220379661406576 0.055789223119626155
0.0005150645935903357 0.05667271360494004
0.001005170892689887 0.054610161171829444
0.0010950424617725708 0.05560926933910966
0.0019479348775385298 0.05664193665675006
0.0013402177683168124 0.05649610754515684
0.000546139264986964 0.056023918453266
-0.00017731552688200237 0.05542976978376686
-0.0016715155486298101 0.055748316667342215
-0.002727537554935114 0.05305551283422423
5.348540845140706e-05 0.05455215649230878
0.0002611924216750286 0.0546189000499568
9.687801370963922e-06 0.05364431380730457
0.001853621840869622 0.05658927102547602
0.0018418788832768752 0.053048470878874945
0.003986306438879506 0.05606830227622668
0.004032939441905732 0.056050128827330695
0.00011271750190174502 0.05398262385173798
-0.0003416734862153707 0.05819125210633898
0.0027615476386310695 0.05470479934850232
-0.0023946589066371525 0.054471362446636376
0.00245061755334456 0.05460531292062894
-0.0011427638893965293 0.056351853511275876
0.0009196404276033618 0.05465190768105717
0.0020454775566791025 0.05812293021161459
0.0018735587096719072 0.057977395480773145
-0.0003922135684673485 0.054272023414025664
0.0025204550000772433 0.05642078432643434
-1.8792598640654523e-05 0.05572786915257062
0.002055470462849096 0.054851702231967406
2.2432573884905924e-05 0.05651209911798567
-0.0005843284622413115 0.056230970173012776
0.0019748935938919965 0.05654674728778826
0.0012805499904766024 0.05535094485054089
0.001228201998235541 0.05679132368923519
0.0005800679833336021 0.05482194091274857
0.0032422504350852945 0.057083985410188956
0.0012702260582209655 0.054991192009835335
0.0013030004143115247 0.056974819767063825
0.0015133432290290912 0.0554479055432648
-0.0006194594029020756 0.05513842346153104
-0.0010866708081521282 0.058951474376731164
-0.001648436388708512 0.05568199870671005
-0.00024324698193884005 0.05655628785509621
-9.597282400117865e-05 0.05837425300870942
0.00020638361062313114 0.0565382970990866
0.0006729184120270876 0.059708645660905016
0.002586737740808599 0.059972565858855645
0.001162131521894115 0.05774541405455187
0.00199439908454278 0.06066808313343404
0.00033024259710584883 0.05945249172102303
-0.0002434380189900642 0.060290751538023504
0.0007377821176368805 0.06193075329894944
0.00038206049071741466 0.0604585488028619
0.0010778088331813256 0.06155926050507805
0.0004222965883079674 0.05973426787017373
0.0010046348442161526 0.060829698636202426
0.00028971816989685484 0.062477998106356084
1.2254157011178102e-05 0.06041833073077525
0.001594388213746769 0.06142212339016813
0.002089984240127178 0.06374242060311182
0.0008347437078551553 0.060727959773883414
0.0009556125009798494 0.06114340233373068
-0.000351001260401689 0.06332900060415643
0.0003295695340765053 0.060824367938284454
0.0006737521748814163 0.061014475080209254
0.0013733144798506527 0.06452371742760939
8.098270493369676e-06 0.061168100608010215
0.0010168447489461892 0.06222939550722191
0.0012580346197319427 0.06285816251190131
0.0019768377829282122 0.06531143940687185
0.0014577628094584773 0.05829652205503617
0.0005411038045153617 0.06235650392644772
0.001705861249903658 0.06519231146509959
0.00030270020387215997 0.06054961159530721
0.0015287259775868447 0.0603270194299856
0.0002855027668057161 0.06379467224485987
0.0016036907323094887 0.06215498667633619
0.001250744484932953 0.06170778421080132
0.0011190122857245716 0.06176807267270586
0.0016977383397108053 0.062304357852127804
0.0009720219396085437 0.0626086557747196
0.0006038783374609259 0.06237389384226329
0.0005136176931452296 0.06138913428229738
-0.00017634265067829197 0.06126184464170055
0.0011169182293201824 0.06426977691017029
0.0008524141744477333 0.06399722147244531
0.0016635664640433385 0.058320835069285384
-0.00011336810178292668 0.06337573586471419
0.001676847679667571 0.06278014216438739
1.0506298998133948e-05 0.061107415234326015
0.001183991910970978 0.06249406260776054
-1.0978609076789901e-05 0.06228520940008027
0.00021427732314890924 0.06254136937545103
0.001261453302105628 0.062034011231760736
0.0008945547948702778 0.06232825859270959
0.0013081575966050508 0.062170410858003636
0.0005206418222499006 0.06196962314263406
9.836026019007828e-05 0.06178263197103302
-0.0008429367578276269 0.06127651896067805
-0.00019265532285493887 0.06353405173614819
0.001522734723783014 0.06180216121568334
0.000704950181467788 0.061687864454811295
0.0008544604626204953 0.06187375933688406
0.0022105200827752716 0.06397265264936798
0.00026995393975969006 0.058806466471779964
0.0015041294568676443 0.06641437961048564
0.0009991175588974204 0.06041533974273379
0.0012189295766024955 0.06171465089093227
-0.00019696157501914325 0.06317449077424193
0.0005577401617658084 0.06188406345432891
0.0011753879922293386 0.06206932396775229
0.0011518790625680599 0.06321844993902599
0.0006418636052794371 0.062054598392195806
0.00145867982896394 0.061875416154929266
0.00024663881640809085 0.0626882319198467
0.0007074334518295516 0.061187357730965355
0.0012568105564178152 0.06269502676334278
0.0011700386529165038 0.062000117444066485
0.0005915376838640102 0.06252630836165714
0.001667850114869831 0.061050048701033435
0.0007193969229179198 0.06248295090290852
0.0008031766539426059 0.06317373464829519
0.0005948741415426513 0.06124408055992099
0.0010022405659486661 0.06257719202472108
0.0011375162887655756 0.06184060046583757
0.0012731947618980013 0.06402514246953546
0.0009487367821325952 0.06283214399131994
0.0006413671867448595 0.06031448255113188
0.0008359730561122679 0.06258422051505104
0.0006501294406844431 0.06170274717099296
0.0006409171890077586 0.062244070892626804
0.0006945975236703344 0.06183284362851134
0.001187984472319617 0.06305905672261809
-4.64554862883498e-05 0.06162806339342759
0.0015532985592703573 0.062857260959809
0.0006712833067187354 0.06217685940873126
0.001970643752513726 0.06178525853554402
0.0008786073591287823 0.06156028065544801
-0.0004120926910167414 0.06264234244145168
0.0002608136595047654 0.06201087967428438
9.510211223953246e-05 0.06212400574236794
0.00034911981268940726 0.06291047401966861
4.904969508062653e-05 0.06186536025906349
0.00023211733233693965 0.06252320128218232
0.00025839300099546325 0.06207083300012446
0.0006238608109105891 0.06215771362216756
0.00102942888143457 0.061657382552949794
0.0013815200059222356 0.06299781997994165
0.0020881702953097266 0.061991207048676514
0.0008878878673797431 0.06192331442558614
0.0014813930739118047 0.06183578143776898
0.0013197821610152084 0.06389554971270602
0.0006686622063970717 0.06211772062917982
-2.9722313708934953e-05 0.0618300595021168
-0.0015383590517222588 0.06226309235819101
0.0010676103023953797 0.06286370534893733
0.0009896995657840447 0.060684561209789004
0.0016117331502866483 0.06229884625157607
0.0005798619235833809 0.0626633776104208
0.002500439139179857 0.06242392591465147
0.0005520546659604948 0.06270564059901736
0.0013521570529060143 0.06225146172353542
0.0018626480982115688 0.06239378388371737
0.0012299716882939044 0.06303586654016242
0.0018224132462877976 0.06257827606288587
0.0009566180763302175 0.06116529281499723
-0.00110472029560832 0.06269848861321999
-0.00036000839122855496 0.06289597814102028
-0.0017821590151090522 0.06330937636644692
0.0003468104141189036 0.062345333732527444
0.0014170995321295139 0.062490480292977504
0.0007496410070824584 0.06372416684561762
0.0025526156567825566 0.061622206268324
0.0016459692223372915 0.060684980299188854
0.0008380546639513552 0.062112662402897326
0.000988853467122592 0.06381366861910416
-0.0009379186435095159 0.06226470952889125
0.0012092183144190617 0.061352013409748676
0.00014510904122332947 0.06275253698811607
0.0024376386751806325 0.06244381259828753
0.0024326404487842873 0.06190624824924136
0.0036112765064202166 0.062185027220210645
0.0008898496299762151 0.06178275994643885
-0.0014220103536288983 0.06083001450717669
-0.0009362498640183049 0.0632134483571651
-0.0027544090962960217 0.0627050358784635
-0.0007460898763826081 0.06202568470416443
0.00014770746044471747 0.06414184168283339
4.425731177799472e-05 0.0622126759168244
0.002080005183565844 0.06145634710209498
-0.0007583033346364992 0.06144231159181697
-0.0027907099195655805 0.06350901468255939
-0.002570746156664902 0.06311849721308978
-0.0009238134084464718 0.06315771122006915
-0.0017883228563684347 0.06235013278722508
-0.0004752441642273345 0.06372226683040845
0.00020064360439269423 0.06385999635854774
-0.00023449226068784478 0.06258552516266964
0.0009755001547846857 0.06288718968198888
0.003734006937368811 0.06324183401196955
0.0023914699279422823 0.06306998744793475
-0.00027269314842610394 0.06296527528576208
-0.0018757337069190035 0.06235438413215762
-0.0036280282104090697 0.06244843231852433
-0.0020486333599633207 0.062375559621573554
-0.0008974776559851731 0.06133121772655055
-0.0005926205897793498 0.06318200082170473
0.0003993385090772343 0.06239072872457903
-0.00048578615425733194 0.06105038302899564
6.278816571869163e-05 0.0623940507433411
0.0004879123661879446 0.06343647841868467
0.0015020958873975358 0.05973314296536332
0.0005840137896989499 0.0623634665890342
0.0009032932386743957 0.061817782892632914
0.0009453177452636869 0.06024487080169734
0.0013077651076361108 0.06308984198421559
0.0016675169537001943 0.060453135455886556
0.001808828101361102 0.062481885959157116
0.0015157500267382017 0.0625929910754401
0.0013264243123318354 0.06155980108518096
-5.579553232465482e-05 0.06294072210527042
0.000938768264698445 0.06141213207713654
0.0006675511104303616 0.06411973646268106
-0.001708934151881513 0.06277923240636336
0.0001438034362112612 0.062228116786792145
0.0008226291325410216 0.062383342701356884
0.0005516829665933812 0.0639706559181596
1.335462012062947e-05 0.06318409038840307
0.0014399354482289815 0.06118187965380524
0.0011831942939716268 0.06444547889389947
-0.00042028878804830846 0.061638839111721924
0.0012316359568874183 0.062489473314210245
-0.00014983646089188323 0.06359659367965183
0.0012709791461781358 0.06350518346678498
0.001063483450654868 0.06291476925825785
0.00012074902999233313 0.06360518257425558
-0.00033547092245116584 0.062355214157991015
0.000900398603724881 0.06292052044233039
0.0009291724335332239 0.0627758140715002
0.0010166850696087248 0.0630392060920197
0.0016335906497015086 0.06339743894796963
0.00016738413884938037 0.06306857221069824
0.0001188595937427232 0.061714932028644046
0.0005572904837804898 0.06346635518033068
0.0002030034547921243 0.0628796327883498
0.0014005841653346295 0.0625504660164697
0.00017355954855989043 0.06267933608658312
0.0005073302495873563 0.06319873062327837
5.222404535054192e-05 0.062408038383440625
0.0006505934718051172 0.06242406857220502
0.00028237197630677155 0.06297997604006973
0.0009248668585358933 0.06258871266054307
0.00013501545388005208 0.062445439033321073
0.000620052422395146 0.06203452694988361
0.00041329096948647046 0.06291005388253774
0.0005861291982577777 0.06295273799379726
0.00010864056763843638 0.06211533261478315
0.0009430984497697838 0.06230269358283609
0.0002383319836428508 0.06275105513622421
0.0008611946065437866 0.06266311950091304
0.00017262394179316364 0.06276933872910258
0.0005136596665700245 0.062143567796036206
0.0003683766692414159 0.0618188245892521
-0.0005715393452641491 0.06282083770160347
0.0012437111756278159 0.06306530833071551
0.0012437111756278159 0.06306530833071551
